env_code	Date	Tmax	Tmin	DL	GDD	DTR	PTT	PTR	PTD1	PTD2	PTS
PR11	20101204	84.2	69.8	11.88	27	15.12	320.76	2.272727273	171.072	1.212121212	312979.6454
PR11	20101205	86	62.6	11.9	24.3	12.4	289.17	2.042016807	278.46	1.966386555	492411.9564
PR11	20101206	87.8	64.4	11.88	26.1	14.22	310.068	2.196969697	277.992	1.96969697	502647.3429
PR11	20101207	84.2	71.6	11.87	27.9	16.03	331.173	2.350463353	149.562	1.061499579	276591.8865
PR11	20101208	86	73.4	11.87	29.7	17.83	352.539	2.50210615	149.562	1.061499579	282982.9698
PR11	20101209	87.8	71.6	11.87	29.7	17.83	352.539	2.50210615	192.294	1.364785173	363835.2469
PR11	20101210	86	73.4	11.87	29.7	17.83	352.539	2.50210615	149.562	1.061499579	282982.9698
PR11	20101211	84.2	68	11.85	26.1	14.25	309.285	2.202531646	191.97	1.367088608	346231.3329
PR11	20101212	87.8	71.6	11.87	29.7	17.83	352.539	2.50210615	192.294	1.364785173	363835.2469
PR11	20101213	87.8	69.8	11.85	28.8	16.95	341.28	2.430379747	213.3	1.518987342	398350.548
PR11	20101214	87.8	73.4	11.85	30.6	18.75	362.61	2.582278481	170.64	1.215189873	325959.9408
PR11	20101215	86	73.4	11.85	29.7	17.85	351.945	2.506329114	149.31	1.063291139	282030.1659
PR11	20101216	84.2	73.4	11.83	28.8	16.97	340.704	2.434488588	127.764	0.912933221	238204.2237
PR11	20101217	84.2	69.8	11.85	27	15.15	319.95	2.278481013	170.64	1.215189873	311400.936
PR11	20101218	84.2	64.4	11.83	24.3	12.47	287.469	2.054099746	234.234	1.673710904	411768.8495
PR11	20101219	86	69.8	11.85	27.9	16.05	330.615	2.35443038	191.97	1.367088608	354420.7731
PR11	20101220	82.4	71.6	11.83	27	15.17	319.41	2.282333052	127.764	0.912933221	232763.0105
PR11	20101221	86	66.2	11.85	26.1	14.25	309.285	2.202531646	234.63	1.670886076	423171.6291
PR11	20101222	84.2	69.8	11.83	27	15.17	319.41	2.282333052	170.352	1.217244294	310350.6806
PR11	20101223	84.2	73.4	11.85	28.8	16.95	341.28	2.430379747	127.98	0.911392405	239010.3288
PR11	20101224	84.2	62.6	11.83	23.4	11.57	276.822	1.978021978	255.528	1.825866441	443761.168
PR11	20101225	86	64.4	11.85	25.2	13.35	298.62	2.126582278	255.96	1.82278481	456182.1504
PR11	20101226	84.2	66.2	11.83	25.2	13.37	298.116	2.130177515	212.94	1.521555368	378869.6621
PR11	20101227	87.8	75.2	11.85	31.5	19.65	373.275	2.658227848	149.31	1.063291139	288399.7305
PR11	20101228	82.4	71.6	11.87	27	15.13	320.49	2.274641955	128.196	0.909856782	234339.7241
PR11	20101229	89.6	68	11.85	28.8	16.95	341.28	2.430379747	255.96	1.82278481	478020.6576
PR11	20101230	84.2	66.2	11.87	25.2	13.33	299.124	2.122999158	213.66	1.51642797	381436.0877
PR11	20101231	86	64.4	11.85	25.2	13.35	298.62	2.126582278	255.96	1.82278481	456182.1504
PR11	20110101	86	62.6	11.87	24.3	12.43	288.441	2.047177759	277.758	1.971356361	489932.3366
PR11	20110102	82.4	69.8	11.87	26.1	14.23	309.807	2.198820556	149.562	1.061499579	270200.8031
PR11	20110103	82.4	73.4	11.87	27.9	16.03	331.173	2.350463353	106.83	0.758213985	197565.6332
PR11	20110104	80.6	69.8	11.88	25.2	13.32	299.376	2.121212121	128.304	0.909090909	229247.4286
PR11	20110105	84.2	69.8	11.88	27	15.12	320.76	2.272727273	171.072	1.212121212	312979.6454
PR11	20110106	86	69.8	11.88	27.9	16.02	331.452	2.348484848	192.456	1.363636364	356217.5802
PR11	20110107	84.2	73.4	11.88	28.8	16.92	342.144	2.424242424	128.304	0.909090909	240222.0396
PR11	20110108	86	71.6	11.9	28.8	16.9	342.72	2.420168067	171.36	1.210084034	321375.3984
PR11	20110109	86	73.4	11.92	29.7	17.78	354.024	2.491610738	150.192	1.05704698	285372.0092
PR11	20110110	86	66.2	11.9	26.1	14.2	310.59	2.193277311	235.62	1.663865546	426750.2316
PR11	20110111	84.2	69.8	11.92	27	15.08	321.84	2.265100671	171.648	1.208053691	315090.8006
PR11	20110112	86	68	11.92	27	15.08	321.84	2.265100671	214.56	1.510067114	393863.5008
PR11	20110113	87.8	71.6	11.93	29.7	17.77	354.321	2.489522213	193.266	1.357921207	367522.7428
PR11	20110114	84.2	71.6	11.95	27.9	15.95	333.405	2.334728033	150.57	1.054393305	280332.7317
PR11	20110115	84.2	66.2	11.93	25.2	13.27	300.636	2.112321878	214.74	1.508801341	385301.9693
PR11	20110116	86	69.8	11.95	27.9	15.95	333.405	2.334728033	193.59	1.355648536	360427.7979
PR11	20110117	87.8	69.8	11.95	28.8	16.85	344.16	2.410041841	215.1	1.506276151	405102.132
PR11	20110118	87.8	69.8	11.97	28.8	16.83	344.736	2.406015038	215.46	1.503759398	406459.2571
PR11	20110119	86	71.6	11.98	28.8	16.82	345.024	2.404006678	172.512	1.202003339	325710.9366
PR11	20110120	84.2	68	11.98	26.1	14.12	312.678	2.178631052	194.076	1.352253756	353869.6391
PR11	20110121	86	64.4	12	25.2	13.2	302.4	2.1	259.2	1.8	467804.16
PR11	20110122	86	69.8	12	27.9	15.9	334.8	2.325	194.4	1.35	363450.24
PR11	20110123	87.8	73.4	12.02	30.6	18.58	367.812	2.545757072	173.088	1.198003328	335379.4629
PR11	20110124	87.8	69.8	12.02	28.8	16.78	346.176	2.396006656	216.36	1.49750416	409861.9987
PR11	20110125	84.2	66.2	12.03	25.2	13.17	303.156	2.094763092	216.54	1.496259352	391788.4205
PR11	20110126	86	69.8	12.03	27.9	15.87	335.637	2.319201995	194.886	1.346633416	365269.7628
PR11	20110127	87.8	62.6	12.07	25.2	13.13	304.164	2.087821044	304.164	2.087821044	552157.4258
PR11	20110128	86	69.8	12.08	27.9	15.82	337.032	2.309602649	195.696	1.341059603	368312.3965
PR11	20110129	84.2	66.2	12.08	25.2	13.12	304.416	2.086092715	217.44	1.490066225	395051.9501
PR11	20110130	87.8	66.2	12.1	27	14.9	326.7	2.231404959	261.36	1.785123967	487018.224
PR11	20110131	86	69.8	12.1	27.9	15.8	337.59	2.305785124	196.02	1.338842975	369532.9836
PR11	20110201	87.8	66.2	12.12	27	14.88	327.24	2.227722772	261.792	1.782178218	488629.5322
PR11	20110202	89.6	69.8	12.13	29.7	17.57	360.261	2.448474856	240.174	1.63231657	464381.7128
PR11	20110203	89.6	64.4	12.15	27	14.85	328.05	2.222222222	306.18	2.074074074	572893.398
PR11	20110204	84.2	66.2	12.15	25.2	13.05	306.18	2.074074074	218.7	1.481481481	399643.632
PR11	20110205	87.8	69.8	12.18	28.8	16.62	350.784	2.36453202	219.24	1.477832512	420846.0883
PR11	20110206	87.8	71.6	12.18	29.7	17.52	361.746	2.438423645	197.316	1.330049261	383087.4355
PR11	20110207	87.8	71.6	12.18	29.7	17.52	361.746	2.438423645	197.316	1.330049261	383087.4355
PR11	20110208	86	73.4	12.22	29.7	17.48	362.934	2.430441899	153.972	1.031096563	299917.1317
PR11	20110209	87.8	69.8	12.22	28.8	16.58	351.936	2.356792144	219.96	1.47299509	423614.8051
PR11	20110210	87.8	69.8	12.23	28.8	16.57	352.224	2.354865086	220.14	1.471790679	424308.4027
PR11	20110211	87.8	69.8	12.25	28.8	16.55	352.8	2.351020408	220.5	1.469387755	425697.3
PR11	20110212	87.8	73.4	12.27	30.6	18.33	375.462	2.493887531	176.688	1.173594132	349475.4357
PR11	20110213	86	71.6	12.28	28.8	16.52	353.664	2.345276873	176.832	1.172638436	342227.9209
PR11	20110214	87.8	68	12.28	27.9	15.62	342.612	2.271986971	243.144	1.61237785	465188.9363
PR11	20110215	86	68	12.3	27	14.7	332.1	2.195121951	221.4	1.463414634	419375.88
PR11	20110216	84.2	69.8	12.32	27	14.68	332.64	2.191558442	177.408	1.168831169	336592.6502
PR11	20110217	84.2	69.8	12.32	27	14.68	332.64	2.191558442	177.408	1.168831169	336592.6502
PR11	20110218	84.2	69.8	12.35	27	14.65	333.45	2.186234818	177.84	1.165991903	338233.896
PR11	20110219	87.8	66.2	12.37	27	14.63	333.99	2.182700081	267.192	1.746160065	508995.4162
PR11	20110220	84.2	68	12.38	26.1	13.72	323.118	2.108239095	200.556	1.308562197	377894.8352
PR11	20110221	84.2	71.6	12.4	27.9	15.5	345.96	2.25	156.24	1.016129032	301843.1808
PR11	20110222	78.8	64.4	12.4	21.6	9.2	267.84	1.741935484	178.56	1.161290323	317065.4208
PR11	20110223	84.2	62.6	12.43	23.4	10.97	290.862	1.882542237	268.488	1.737731295	489916.4973
PR11	20110224	84.2	64.4	12.43	24.3	11.87	302.049	1.954947707	246.114	1.592920354	454596.6772
PR11	20110225	87.8	64.4	12.45	26.1	13.65	324.945	2.096385542	291.33	1.879518072	552038.3037
PR11	20110226	87.8	66.2	12.48	27	14.52	336.96	2.163461538	269.568	1.730769231	518088.1306
PR11	20110227	84.2	68	12.48	26.1	13.62	325.728	2.091346154	202.176	1.298076923	384024.4163
PR11	20110228	86	71.6	12.5	28.8	16.3	360	2.304	180	1.152	354600
PR11	20110301	84.2	68	12.52	26.1	13.58	326.772	2.084664537	202.824	1.293929712	386490.0563
PR11	20110302	84.2	66.2	12.53	25.2	12.67	315.756	2.011173184	225.54	1.436552275	425032.8365
PR11	20110303	84.2	66.2	12.55	25.2	12.65	316.26	2.007968127	225.9	1.434262948	426390.768
PR11	20110304	84.2	64.4	12.57	24.3	11.73	305.451	1.933174224	248.886	1.575178998	464894.6572
PR11	20110305	86	69.8	12.58	27.9	15.32	350.982	2.217806041	203.796	1.287758347	399432.8233
PR11	20110306	84.2	68	12.6	26.1	13.5	328.86	2.071428571	204.12	1.285714286	391445.0064
PR11	20110307	82.4	66.2	12.62	24.3	11.68	306.666	1.925515055	204.444	1.283676704	383400.3754
PR11	20110308	80.6	64.4	12.63	22.5	9.87	284.175	1.781472684	204.606	1.282660333	374705.1981
PR11	20110309	84.2	62.6	12.65	23.4	10.75	296.01	1.849802372	273.24	1.707509881	507412.1448
PR11	20110310	84.2	62.6	12.67	23.4	10.73	296.478	1.846882399	273.672	1.704814522	509017.8784
PR11	20110311	82.4	69.8	12.68	26.1	13.42	330.948	2.058359621	159.768	0.993690852	308335.6241
PR11	20110312	84.2	66.2	12.7	25.2	12.5	320.04	1.984251969	228.6	1.417322835	436644.288
PR11	20110313	82.4	68	12.7	25.2	12.5	320.04	1.984251969	182.88	1.133858268	349315.4304
PR11	20110314	84.2	64.4	12.73	24.3	11.57	309.339	1.908876669	252.054	1.55538099	476805.0066
PR11	20110315	82.4	64.4	12.75	23.4	10.65	298.35	1.835294118	229.5	1.411764706	429555.15
PR11	20110316	82.4	69.8	12.77	26.1	13.33	333.297	2.04385278	160.902	0.986687549	312728.1618
PR11	20110317	86	62.6	12.78	24.3	11.52	310.554	1.901408451	299.052	1.830985915	567932.0456
PR11	20110318	86	71.6	12.8	28.8	16	368.64	2.25	184.32	1.125	371825.0496
PR11	20110319	87.8	69.8	12.82	28.8	15.98	369.216	2.24648986	230.76	1.404056162	466234.8883
PR11	20110320	80.6	71.6	12.83	26.1	13.27	334.863	2.034294622	115.47	0.701480904	225481.2712
PR11	20110321	87.8	69.8	12.85	28.8	15.95	370.08	2.241245136	231.3	1.40077821	468419.508
PR11	20110322	87.8	69.8	12.88	28.8	15.92	370.944	2.236024845	231.84	1.397515528	470609.2339
PR11	20110323	86	68	12.88	27	14.12	347.76	2.096273292	231.84	1.397515528	459859.2768
PR11	20110324	87.8	66.2	12.9	27	14.1	348.3	2.093023256	278.64	1.674418605	553546.224
PR11	20110325	87.8	69.8	12.92	28.8	15.88	372.096	2.229102167	232.56	1.393188854	473536.8115
PR11	20110326	87.8	69.8	12.93	28.8	15.87	372.384	2.22737819	232.74	1.392111369	474270.1243
PR11	20110327	86	71.6	12.97	28.8	15.83	373.536	2.220508867	186.768	1.110254433	381767.2393
PR11	20110328	86	66.2	12.98	26.1	13.12	338.778	2.010785824	257.004	1.525423729	507725.7942
PR11	20110329	87.8	69.8	12.98	28.8	15.82	373.824	2.218798151	233.64	1.386748844	477945.1987
PR11	20110330	87.8	71.6	13	29.7	16.7	386.1	2.284615385	210.6	1.246153846	436405.32
PR11	20110331	86	75.2	13.03	30.6	17.57	398.718	2.348426708	140.724	0.828856485	295581.7557
PR11	20110401	87.8	73.4	13.05	30.6	17.55	399.33	2.344827586	187.92	1.103448276	395319.7872
PR11	20110402	89.6	75.2	13.07	32.4	19.33	423.468	2.478959449	188.208	1.101759755	405387.9867
PR11	20110403	86	71.6	13.07	28.8	15.73	376.416	2.20351951	188.208	1.101759755	387676.8611
PR11	20110404	87.8	73.4	13.08	30.6	17.52	400.248	2.339449541	188.352	1.100917431	397139.4386
PR12	20111213	78.8	69.8	11.85	24.3	12.45	287.955	2.050632911	106.65	0.759493671	187801.0515
PR12	20111214	82.4	70.7	11.87	26.55	14.68	315.1485	2.236731255	138.879	0.98567818	252384.3901
PR12	20111215	86	71.6	11.85	28.8	16.95	341.28	2.430379747	170.64	1.215189873	318680.4384
PR12	20111216	82.4	68	11.85	25.2	13.35	298.62	2.126582278	170.64	1.215189873	304121.4336
PR12	20111217	73.4	69.8	11.85	21.6	9.75	255.96	1.82278481	42.66	0.303797468	72390.6072
PR12	20111218	73.4	68	11.83	20.7	8.87	244.881	1.749788673	63.882	0.45646661	106859.3821
PR12	20111219	78.8	62.6	11.85	20.7	8.85	245.295	1.746835443	191.97	1.367088608	321663.0123
PR12	20111220	82.4	66.2	11.83	24.3	12.47	287.469	2.054099746	191.646	1.369399831	336901.7859
PR12	20111221	75.2	69.8	11.85	22.5	10.65	266.625	1.898734177	63.99	0.455696203	109950.8175
PR12	20111222	84.2	69.8	11.83	27	15.17	319.41	2.282333052	170.352	1.217244294	310350.6806
PR12	20111223	87.8	71.6	11.85	29.7	17.85	351.945	2.506329114	191.97	1.367088608	362610.2133
PR12	20111224	89.6	69.8	11.83	29.7	17.87	351.351	2.510566357	234.234	1.673710904	441695.5223
PR12	20111225	87.8	68	11.85	27.9	16.05	330.615	2.35443038	234.63	1.670886076	433180.9449
PR12	20111226	87.8	73.4	11.83	30.6	18.77	361.998	2.586644125	170.352	1.217244294	324860.5826
PR12	20111227	86	66.2	11.85	26.1	14.25	309.285	2.202531646	234.63	1.670886076	423171.6291
PR12	20111228	69.8	66.2	11.85	18	6.15	213.3	1.518987342	42.66	0.303797468	68750.856
PR12	20111229	87.8	69.8	11.85	28.8	16.95	341.28	2.430379747	213.3	1.518987342	398350.548
PR12	20111230	87.8	71.6	11.87	29.7	17.83	352.539	2.50210615	192.294	1.364785173	363835.2469
PR12	20111231	87.8	73.4	11.85	30.6	18.75	362.61	2.582278481	170.64	1.215189873	325959.9408
PR12	20120101	77	71.6	11.87	24.3	12.43	288.441	2.047177759	64.098	0.454928391	113061.3084
PR12	20120102	87.8	68	11.87	27.9	16.03	331.173	2.350463353	235.026	1.668070767	434644.393
PR12	20120103	86	71.6	11.87	28.8	16.93	341.856	2.426284751	170.928	1.213142376	319757.0607
PR12	20120104	86	69.8	11.87	27.9	16.03	331.173	2.350463353	192.294	1.364785173	355618.1397
PR12	20120105	84.2	66.2	11.88	25.2	13.32	299.376	2.121212121	213.84	1.515151515	382079.0477
PR12	20120106	78.8	69.8	11.88	24.3	12.42	288.684	2.045454545	106.92	0.757575758	188753.1466
PR12	20120107	86	71.6	11.88	28.8	16.92	342.144	2.424242424	171.072	1.212121212	320296.0527
PR12	20120108	86	69.8	11.9	27.9	16	332.01	2.344537815	192.78	1.361344538	357417.9756
PR12	20120109	84.2	66.2	11.9	25.2	13.3	299.88	2.117647059	214.2	1.512605042	383366.592
PR12	20120110	84.2	66.2	11.9	25.2	13.3	299.88	2.117647059	214.2	1.512605042	383366.592
PR12	20120111	86	66.2	11.92	26.1	14.18	311.112	2.189597315	236.016	1.661073826	428185.8916
PR12	20120112	80.6	66.2	11.92	23.4	11.48	278.928	1.963087248	171.648	1.208053691	300359.2827
PR12	20120113	87.8	69.8	11.93	28.8	16.87	343.584	2.414082146	214.74	1.508801341	403747.2763
PR12	20120114	87.8	71.6	11.93	29.7	17.77	354.321	2.489522213	193.266	1.357921207	367522.7428
PR12	20120115	87.8	69.8	11.95	28.8	16.85	344.16	2.410041841	215.1	1.506276151	405102.132
PR12	20120116	87.8	64.4	11.95	26.1	14.15	311.895	2.184100418	279.63	1.958158996	508588.2477
PR12	20120117	86	69.8	11.95	27.9	15.95	333.405	2.334728033	193.59	1.355648536	360427.7979
PR12	20120118	84.2	69.8	11.97	27	15.03	323.19	2.255639098	172.368	1.203007519	317739.7238
PR12	20120119	84.2	73.4	11.97	28.8	16.83	344.736	2.406015038	129.276	0.902255639	243875.5543
PR12	20120120	86	69.8	11.98	27.9	15.92	334.242	2.328881469	194.076	1.352253756	362239.7488
PR12	20120121	84.2	64.4	12	24.3	12.3	291.6	2.025	237.6	1.65	423688.32
PR12	20120122	86	69.8	12	27.9	15.9	334.8	2.325	194.4	1.35	363450.24
PR12	20120123	87.8	66.2	12.02	27	14.98	324.54	2.24625624	259.632	1.797004992	480599.6026
PR12	20120124	84.2	68	12.02	26.1	14.08	313.722	2.171381032	194.724	1.347753744	356236.6535
PR12	20120125	87.8	64.4	12.03	26.1	14.07	313.983	2.16957606	281.502	1.945137157	515420.5909
PR12	20120126	84.2	64.4	12.03	24.3	12.27	292.329	2.019950125	238.194	1.645885287	425809.4097
PR12	20120127	86	68	12.07	27	14.93	325.89	2.236951118	217.26	1.491300746	403838.5428
PR12	20120128	84.2	68	12.07	26.1	14.03	315.027	2.162386081	195.534	1.342170671	359206.5168
PR12	20120129	86	75.2	12.08	30.6	18.52	369.648	2.533112583	130.464	0.894039735	254052.0253
PR12	20120130	82.4	64.4	12.08	23.4	11.32	282.672	1.937086093	217.44	1.490066225	385595.9194
PR12	20120131	89.6	66.2	12.1	27.9	15.8	337.59	2.305785124	283.14	1.933884298	533769.8652
PR12	20120201	86	66.2	12.1	26.1	14	315.81	2.157024793	239.58	1.636363636	441215.3196
PR12	20120202	86	68	12.13	27	14.87	327.51	2.225886232	218.34	1.483924155	407863.4868
PR12	20120203	86	66.2	12.13	26.1	13.97	316.593	2.151690025	240.174	1.63231657	443405.8764
PR12	20120204	86	73.4	12.15	29.7	17.55	360.855	2.444444444	153.09	1.037037037	296490.9339
PR12	20120205	86	68	12.15	27	14.85	328.05	2.222222222	218.7	1.481481481	409209.57
PR12	20120206	84.2	69.8	12.18	27	14.82	328.86	2.216748768	175.392	1.18226601	328986.2822
PR12	20120207	84.2	69.8	12.18	27	14.82	328.86	2.216748768	175.392	1.18226601	328986.2822
PR12	20120208	82.4	71.6	12.2	27	14.8	329.4	2.213114754	131.76	0.885245902	247550.688
PR12	20120209	84.2	68	12.22	26.1	13.88	318.942	2.135842881	197.964	1.325695581	368190.0762
PR12	20120210	86	69.8	12.23	27.9	15.67	341.217	2.281275552	198.126	1.324611611	377516.0167
PR12	20120211	84.2	69.8	12.25	27	14.75	330.75	2.204081633	176.4	1.175510204	332778.6
PR12	20120212	86	71.6	12.25	28.8	16.55	352.8	2.351020408	176.4	1.175510204	340557.84
PR12	20120213	82.4	64.4	12.27	23.4	11.13	287.118	1.907090465	220.86	1.466992665	397820.983
PR12	20120214	71.6	69.8	12.28	20.7	8.42	254.196	1.685667752	22.104	0.146579805	38381.20877
PR12	20120215	69.8	68	12.3	18.9	6.6	232.47	1.536585366	22.14	0.146341463	37525.9716
PR12	20120216	84.2	66.2	12.32	25.2	12.88	310.464	2.045454545	221.76	1.461038961	410905.3133
PR12	20120217	84.2	66.2	12.32	25.2	12.88	310.464	2.045454545	221.76	1.461038961	410905.3133
PR12	20120218	80.6	66.2	12.35	23.4	11.05	288.99	1.894736842	177.84	1.165991903	322420.3632
PR12	20120219	80.6	66.2	12.35	23.4	11.05	288.99	1.894736842	177.84	1.165991903	322420.3632
PR12	20120220	84.2	68	12.37	26.1	13.73	322.857	2.109943411	200.394	1.309620049	377284.5893
PR12	20120221	87.8	64.4	12.4	26.1	13.7	323.64	2.10483871	290.16	1.887096774	547613.1648
PR12	20120222	87.8	66.2	12.4	27	14.6	334.8	2.177419355	267.84	1.741935484	511467.264
PR12	20120223	86	69.8	12.42	27.9	15.48	346.518	2.246376812	201.204	1.304347826	389336.9833
PR12	20120224	86	69.8	12.43	27.9	15.47	346.797	2.24456959	201.366	1.303298471	389964.1874
PR12	20120225	84.2	69.8	12.45	27	14.55	336.15	2.168674699	179.28	1.156626506	343733.544
PR12	20120226	89.6	68	12.47	28.8	16.33	359.136	2.309542903	269.352	1.732157177	529349.9437
PR12	20120227	84.2	66.2	12.48	25.2	12.72	314.496	2.019230769	224.64	1.442307692	421647.4829
PR12	20120228	86	66.2	12.5	26.1	13.6	326.25	2.088	247.5	1.584	470868.75
PR12	20120229	86	69.8	12.5	27.9	15.4	348.75	2.232	202.5	1.296	394368.75
PR12	20120301	84.2	68	12.53	26.1	13.57	327.033	2.083000798	202.986	1.292897047	387107.6991
PR12	20120302	87.8	69.8	12.55	28.8	16.25	361.44	2.294820717	225.9	1.434262948	446803.092
PR12	20120303	87.8	69.8	12.57	28.8	16.23	362.016	2.291169451	226.26	1.431980907	448228.3003
PR12	20120304	87.8	69.8	12.57	28.8	16.23	362.016	2.291169451	226.26	1.431980907	448228.3003
PR12	20120305	87.8	71.6	12.6	29.7	17.1	374.22	2.357142857	204.12	1.285714286	409962.7728
PR12	20120306	87.8	69.8	12.62	28.8	16.18	363.456	2.282091918	227.16	1.426307448	451801.2499
PR12	20120307	82.4	71.6	12.62	27	14.38	340.74	2.139461173	136.296	0.855784469	264888.5501
PR12	20120308	87.8	73.4	12.63	30.6	17.97	386.478	2.42280285	181.872	1.140142518	370283.3896
PR12	20120309	86	69.8	12.67	27.9	15.23	353.493	2.202052092	205.254	1.278610892	405168.5224
PR12	20120310	86	68	12.68	27	14.32	342.36	2.129337539	228.24	1.41955836	445688.8128
PR12	20120311	84.2	71.6	12.68	27.9	15.22	353.772	2.200315457	159.768	0.993690852	315628.7138
PR12	20120312	82.4	69.8	12.7	26.1	13.4	331.47	2.05511811	160.02	0.992125984	309309.0588
PR12	20120313	84.2	62.6	12.73	23.4	10.67	297.882	1.838177533	274.968	1.696779262	513850.2996
PR12	20120314	84.2	69.8	12.75	27	14.25	344.25	2.117647059	183.6	1.129411765	360498.6
PR12	20120315	71.6	66.2	12.77	18.9	6.13	241.353	1.480031323	68.958	0.422866092	121345.8063
PR12	20120316	84.2	69.8	12.77	27	14.23	344.79	2.114330462	183.888	1.127642913	361630.463
PR12	20120317	84.2	68	12.8	26.1	13.3	334.08	2.0390625	207.36	1.265625	403970.4576
PR12	20120318	84.2	66.2	12.82	25.2	12.38	323.064	1.965678627	230.76	1.404056162	444934.8173
PR12	20120319	84.2	66.2	12.83	25.2	12.37	323.316	1.964146532	230.94	1.402961808	445629.2141
PR12	20120320	84.2	64.4	12.85	24.3	11.45	312.255	1.891050584	254.43	1.540856031	485836.6293
PR12	20120321	87.8	66.2	12.85	27	14.15	346.95	2.101167315	277.56	1.680933852	549263.484
PR12	20120322	75.2	68	12.88	21.6	8.72	278.208	1.677018634	92.736	0.559006211	171043.7622
PR12	20120323	82.4	69.8	12.9	26.1	13.2	336.69	2.023255814	162.54	0.976744186	319127.7852
PR12	20120324	87.8	69.8	12.92	28.8	15.88	372.096	2.229102167	232.56	1.393188854	473536.8115
PR12	20120325	84.2	68	12.93	26.1	13.17	337.473	2.018561485	209.466	1.252900232	412217.7768
PR12	20120326	86	71.6	12.95	28.8	15.85	372.96	2.223938224	186.48	1.111969112	380590.7616
PR12	20120327	86	71.6	12.97	28.8	15.83	373.536	2.220508867	186.768	1.110254433	381767.2393
PR12	20120328	80.6	68	12.98	24.3	11.32	315.414	1.87211094	163.548	0.970724191	315455.9617
PR12	20120329	84.2	73.4	13	28.8	15.8	374.4	2.215384615	140.4	0.830769231	287651.52
PR12	20120330	86	69.8	13.02	27.9	14.88	363.258	2.142857143	210.924	1.244239631	427862.7088
PR12	20120331	86	73.4	13.05	29.7	16.65	387.585	2.275862069	164.43	0.965517241	342042.3531
PR12	20120401	84.2	73.4	13.05	28.8	15.75	375.84	2.206896552	140.94	0.827586207	289868.4792
PR12	20120402	84.2	73.4	13.07	28.8	15.73	376.416	2.20351951	141.156	0.826319816	290757.6458
PR12	20120403	86	66.2	13.08	26.1	13.02	341.388	1.995412844	258.984	1.513761468	515579.1316
PR12	20120404	87.8	68	13.12	27.9	14.78	366.048	2.12652439	259.776	1.509146341	531007.0825
PR12	20120405	87.8	71.6	13.13	29.7	16.57	389.961	2.26199543	212.706	1.233815689	445177.0669
PR12	20120406	87.8	73.4	13.13	30.6	17.47	401.778	2.330540746	189.072	1.096725057	400181.476
PR12	20120407	87.8	73.4	13.15	30.6	17.45	402.39	2.326996198	189.36	1.095057034	401401.5408
PR12	20120408	87.8	71.6	13.18	29.7	16.52	391.446	2.253414264	213.516	1.229135053	448574.0563
PR12	20120409	86	69.8	13.2	27.9	14.7	368.28	2.113636364	213.84	1.227272727	439774.7904
PR12	20120410	84.2	71.6	13.22	27.9	14.68	368.838	2.110438729	166.572	0.953101362	343084.3507
PR12	20120411	87.8	73.4	13.22	30.6	17.38	404.532	2.314674735	190.368	1.089258699	405686.3916
PR12	20120412	87.8	73.4	13.25	30.6	17.35	405.45	2.309433962	190.8	1.086792453	407529.72
KS11	20110608	96.1	77	15.92	36.55	20.63	581.876	2.295854271	304.072	1.199748744	837947.0221
KS11	20110609	93	68	15.93	30.5	14.57	485.865	1.914626491	398.25	1.569365976	1021403.723
KS11	20110610	90	61	15.93	25.5	9.57	406.215	1.600753296	461.97	1.820464532	1111236.497
KS11	20110611	80.1	55.9	15.95	18	2.05	287.1	1.128526646	385.99	1.517241379	837289.508
KS11	20110612	82.9	64.9	15.97	23.9	7.93	381.683	1.496556043	287.46	1.127113338	678510.8104
KS11	20110613	98.1	69.1	15.98	33.6	17.62	536.928	2.102628285	463.42	1.814768461	1238191.508
KS11	20110614	93	66	15.98	29.5	13.52	471.41	1.846057572	431.46	1.689612015	1096262.197
KS11	20110615	89.1	60.1	15.98	24.6	8.62	393.108	1.53942428	463.42	1.814768461	1104893.379
KS11	20110616	84	64.4	16	24.2	8.2	387.2	1.5125	313.6	1.225	744611.84
KS11	20110617	89.1	66.2	16	27.65	11.65	442.4	1.728125	366.4	1.43125	910430.72
KS11	20110618	86	64.4	16.02	25.2	9.18	403.704	1.573033708	346.032	1.348314607	833732.2691
KS11	20110619	91.9	69.1	16	30.5	14.5	488	1.90625	364.8	1.425	939724.8
KS11	20110620	91	78.8	16	34.9	18.9	558.4	2.18125	195.2	0.7625	530319.36
KS11	20110621	77	64.4	16	20.7	4.7	331.2	1.29375	201.6	0.7875	456099.84
KS11	20110622	84	57	16	20.5	4.5	328	1.28125	432	1.6875	974592
KS11	20110623	84.9	55.9	16.02	20.4	4.38	326.808	1.27340824	464.58	1.810237203	1047914.081
KS11	20110624	88	63	16	25.5	9.5	408	1.59375	400	1.5625	966400
KS11	20110625	87.1	66.2	16	26.65	10.65	426.4	1.665625	334.4	1.30625	820216.32
KS11	20110626	93.9	72	16	32.95	16.95	527.2	2.059375	350.4	1.36875	930101.76
KS11	20110627	93	66.9	15.98	29.95	13.97	478.601	1.874217772	417.078	1.633291615	1065718.54
KS11	20110628	86	55.9	15.98	20.95	4.97	334.781	1.311013767	480.998	1.883604506	1090692.787
KS11	20110629	98.1	68	15.97	33.05	17.08	527.8085	2.069505322	480.697	1.88478397	1275105.034
KS11	20110630	100	79	15.97	39.5	23.53	630.815	2.473387602	335.37	1.31496556	958698.7431
KS11	20110701	100	77	15.95	38.5	22.55	614.075	2.413793103	366.85	1.44200627	1035672.578
KS11	20110702	99	69.1	15.93	34.05	18.12	542.4165	2.13747646	476.307	1.876961707	1275470.603
KS11	20110703	87.1	69.1	15.92	28.1	12.18	447.352	1.765075377	286.56	1.130653266	712589.8982
KS11	20110704	91.9	69.8	15.92	30.85	14.93	491.132	1.93781407	351.832	1.388190955	905708.4516
KS11	20110705	98.1	71.1	15.9	34.6	18.7	550.14	2.176100629	429.3	1.698113208	1154937.204
KS11	20110706	93.9	69.1	15.88	31.5	15.62	500.22	1.983627204	393.824	1.561712846	1019389.795
KS11	20110707	87.1	69.1	15.87	28.1	12.23	445.947	1.770636421	285.66	1.134215501	708120.86
KS11	20110708	89.1	64.9	15.85	27	11.15	427.95	1.703470032	383.57	1.52681388	936256.013
KS11	20110709	93	70	15.83	31.5	15.67	498.645	1.989892609	364.09	1.452937461	939457.7861
KS11	20110710	99	75	15.82	37	21.18	585.34	2.338811631	379.68	1.517067004	1045137.542
KS11	20110711	100	73	15.78	36.5	20.72	575.97	2.313054499	426.06	1.711026616	1163118.236
KS11	20110712	99	73	15.77	36	20.23	567.72	2.282815472	410.02	1.648700063	1112154.649
KS11	20110713	91.9	70	15.75	30.95	15.2	487.4625	1.965079365	344.925	1.39047619	879532.8806
KS11	20110714	96.1	75	15.73	35.55	19.82	559.2015	2.260012715	331.903	1.341385887	893284.7299
KS11	20110715	100	78.1	15.7	39.05	23.35	613.085	2.487261146	343.83	1.394904459	961407.1311
KS11	20110716	100	78.1	15.68	39.05	23.37	612.304	2.490433673	343.392	1.396683673	958959.2463
KS11	20110717	100	75	15.65	37.5	21.85	586.875	2.396166134	391.25	1.597444089	1071535.938
KS11	20110718	100	73.9	15.62	36.95	21.33	577.159	2.365556978	407.682	1.670934699	1107393.955
KS11	20110719	100	71.1	15.6	35.55	19.95	554.58	2.278846154	450.84	1.852564103	1203364.094
KS11	20110720	100	75	15.58	37.5	21.92	584.25	2.406931964	389.5	1.604621309	1061971.75
KS11	20110721	100	82	15.55	41	25.45	637.55	2.636655949	279.9	1.15755627	792144.99
KS11	20110722	100	73.9	15.52	36.95	21.43	573.464	2.380798969	405.072	1.681701031	1093260.163
KS11	20110723	100	81	15.48	40.5	25.02	626.94	2.61627907	294.12	1.227390181	824088.9456
KS11	20110724	100	75.2	15.45	37.6	22.15	580.92	2.433656958	383.16	1.605177994	1037152.814
KS11	20110725	93.9	69.1	15.42	31.5	16.08	485.73	2.042801556	382.416	1.608300908	961187.3194
KS11	20110726	99	72	15.38	35.5	20.12	545.99	2.308192458	415.26	1.755526658	1092125.495
KS11	20110727	100	82.9	15.35	41.45	26.1	636.2575	2.700325733	262.485	1.114006515	736930.5748
KS11	20110728	100	75	15.32	37.5	22.18	574.5	2.447780679	383	1.631853786	1026823
KS11	20110729	91.9	73	15.28	32.45	17.17	495.836	2.123691099	288.792	1.236910995	727661.1162
KS11	20110730	97	71.1	15.25	34.05	18.8	519.2625	2.232786885	394.975	1.698360656	1012528.287
KS11	20110731	100	75	15.22	37.5	22.28	570.75	2.463863338	380.5	1.642575558	1013461.75
KS11	20110801	100	75	15.18	37.5	22.32	569.25	2.470355731	379.5	1.646903821	1008141.75
KS11	20110802	100	72	15.15	36	20.85	545.4	2.376237624	424.2	1.848184818	1105380.36
KS11	20110803	97	79	15.12	38	22.88	574.56	2.513227513	272.16	1.19047619	724250.4192
KS11	20110804	91	71.6	15.08	31.3	16.22	472.004	2.075596817	292.552	1.286472149	717339.8444
KS11	20110805	91	69.8	15.03	30.4	15.37	456.912	2.022621424	318.636	1.410512309	770087.1321
KS11	20110806	93.9	73.9	15	33.9	18.9	508.5	2.26	300	1.333333333	755100
KS11	20110807	93	72	14.98	32.5	17.52	486.85	2.169559413	314.58	1.401869159	777547.386
KS11	20110808	89.1	69.1	14.95	29.1	14.15	435.045	1.946488294	299	1.337792642	707161.91
KS11	20110809	91.9	66	14.9	28.95	14.05	431.355	1.94295302	385.91	1.738255034	907934.3161
KS11	20110810	84	66	14.87	25	10.13	371.75	1.681237391	267.66	1.210490921	597015.63
KS11	20110811	86	63	14.82	24.5	9.68	363.09	1.65317139	340.86	1.551956815	752680.2348
KS11	20110812	84.9	64.9	14.78	24.9	10.12	368.022	1.684709066	295.6	1.353179973	654471.4064
KS11	20110813	89.1	64.9	14.73	27	12.27	397.71	1.83299389	356.466	1.642905635	808614.6037
KS11	20110814	86	57.9	14.7	21.95	7.25	322.665	1.493197279	413.07	1.911564626	873779.3631
KS11	20110815	87.1	64.4	14.65	25.75	11.1	377.2375	1.757679181	332.555	1.549488055	738097.5086
KS11	20110816	93.9	73	14.62	33.45	18.83	489.039	2.287961696	305.558	1.429548564	745585.3535
KS11	20110817	90	73	14.58	31.5	16.92	459.27	2.160493827	247.86	1.165980796	589049.2044
KS11	20110818	96.1	71.1	14.55	33.6	19.05	488.88	2.309278351	363.75	1.718213058	884916.45
KS11	20110819	93.9	64.9	14.52	29.4	14.88	426.888	2.024793388	421.08	1.997245179	970916.1581
KS11	20110820	91	68	14.47	29.5	15.03	426.865	2.03870076	332.81	1.589495508	765705.9513
KS11	20110821	91.9	66.9	14.43	29.4	14.97	424.242	2.037422037	360.75	1.732501733	826652.853
KS11	20110822	97	73.9	14.38	35.45	21.07	509.771	2.465229485	332.178	1.606397775	816341.3865
KS11	20110823	100	71.1	14.35	35.55	21.2	510.1425	2.477351916	414.715	2.013937282	1018243.519
KS11	20110824	100	66	14.3	33	18.7	471.9	2.307692308	486.2	2.377622378	1154141.56
KS11	20110825	89.1	57.9	14.27	23.5	9.23	335.345	1.646811493	445.224	2.186405046	933941.9326
KS11	20110826	99	59	14.22	29	14.78	412.38	2.039381153	568.8	2.812939522	1277957.088
KS11	20110827	98.1	64	14.18	31.05	16.87	440.289	2.189703808	483.538	2.404795487	1111449.809
KS11	20110828	96.1	68	14.13	32.05	17.92	452.8665	2.268223638	397.053	1.988676575	920659.8938
KS11	20110829	91	64	14.08	27.5	13.42	387.2	1.953125	380.16	1.917613636	829661.184
KS11	20110830	93.9	71.6	14.05	32.75	18.7	460.1375	2.330960854	313.315	1.587188612	728543.5366
KS11	20110831	100	66.9	14	33.45	19.45	468.3	2.389285714	463.4	2.364285714	1082780.44
KS11	20110901	100	81	13.97	40.5	26.53	565.785	2.899069435	265.43	1.360057266	671158.3351
KS11	20110902	100	75.9	13.92	37.95	24.03	528.264	2.726293103	335.472	1.731321839	821412.5852
KS11	20110903	97	78.1	13.87	37.55	23.68	520.8185	2.707281903	262.143	1.362653208	636650.1891
KS11	20110904	79	59	13.83	19	5.17	262.77	1.373825018	276.6	1.446131598	527902.164
KS11	20110905	75.9	50	13.78	12.95	-0.83	178.451	0.939767779	356.902	1.879535559	619189.9936
KS11	20110906	79	50	13.75	14.5	0.75	199.375	1.054545455	398.75	2.109090909	707282.8125
KS11	20110907	81	50	13.7	15.5	1.8	212.35	1.131386861	424.7	2.262773723	762209.09
KS11	20110908	79	50	13.65	14.5	0.85	197.925	1.062271062	395.85	2.124542125	697032.4725
KS11	20110909	84	51.1	13.62	17.55	3.93	239.031	1.288546256	448.098	2.415565345	824528.1021
KS11	20110910	82.9	55.9	13.57	19.4	5.83	263.258	1.429624171	366.39	1.989683125	690101.4272
KS11	20110911	87.1	54	13.52	20.55	7.03	277.836	1.519970414	447.512	2.448224852	853706.1121
KS11	20110912	96.1	55.9	13.48	26	12.52	350.48	1.928783383	541.896	2.982195846	1110323.228
KS11	20110913	88	63	13.43	25.5	12.07	342.465	1.898734177	335.75	1.861504095	680877.4975
KS11	20110914	75	57.9	13.4	16.45	3.05	220.43	1.22761194	229.14	1.276119403	408066.2604
KS11	20110915	64	50	13.35	7	-6.35	93.45	0.524344569	186.9	1.048689139	284443.11
KS11	20110916	60.1	50	13.32	5.05	-8.27	67.266	0.379129129	134.532	0.758258258	197295.483
KS11	20110917	64.4	51.8	13.28	8.1	-5.18	107.568	0.609939759	167.328	0.948795181	258209.8606
KS11	20110918	72	62.1	13.23	17.05	3.82	225.5715	1.288737717	130.977	0.74829932	232371.9277
KS11	20110919	84	50	13.18	17	3.82	224.06	1.28983308	448.12	2.579666161	791433.6944
KS11	20110920	84.9	52	13.15	18.45	5.3	242.6175	1.403041825	432.635	2.501901141	778844.6692
KS11	20110921	73.9	55	13.1	14.45	1.35	189.295	1.103053435	247.59	1.442748092	418077.9981
KS11	20110922	77	50	13.05	13.5	0.45	176.175	1.034482759	352.35	2.068965517	583967.2725
KS11	20110923	73.9	50	13.02	11.95	-1.07	155.589	0.91781874	311.178	1.835637481	501985.5037
KS11	20110924	75	50	12.97	12.5	-0.47	162.125	0.963762529	324.25	1.927525058	525690.3125
KS11	20110925	70	50	12.93	10	-2.93	129.3	0.773395205	258.6	1.54679041	401243.76
KS11	20110926	75.9	50	12.88	12.95	0.07	166.796	1.005434783	333.592	2.010869565	540950.1185
KS11	20110927	82.9	50	12.83	16.45	3.62	211.0535	1.282151208	422.107	2.564302416	719737.6004
KS11	20110928	90	50	12.8	20	7.2	256	1.5625	512	3.125	917504
KS11	20110929	82	50	12.75	16	3.25	204	1.254901961	408	2.509803922	686664
KS11	20110930	73.9	50	12.73	11.95	-0.78	152.1235	0.938727416	304.247	1.877454831	479872.668
KS11	20111001	77	50	12.68	13.5	0.82	171.18	1.06466877	342.36	2.129337539	551322.8496
KS11	20111002	81	50	12.63	15.5	2.87	195.765	1.227236738	391.53	2.454473476	647798.1309
KS11	20111003	87.1	50	12.6	18.55	5.95	233.73	1.472222222	467.46	2.944444444	807518.4516
KS11	20111004	91.9	63	12.55	27.45	14.9	344.4975	2.187250996	362.695	2.302788845	705077.2665
KS11	20111005	86	52	12.52	19	6.48	237.88	1.517571885	425.68	2.715654952	735472.8768
KS11	20111006	84.9	64	12.47	24.45	11.98	304.8915	1.960705694	260.623	1.676022454	483920.3558
KS11	20111007	84.9	68	12.43	26.45	14.02	328.7735	2.127916331	210.067	1.359613837	399242.2066
KS12	20120607	89.1	61	15.92	25.05	9.13	398.796	1.573492462	447.352	1.765075377	1068988.76
KS12	20120608	89.1	59	15.92	24.05	8.13	382.876	1.510678392	479.192	1.890703518	1129815.896
KS12	20120609	93	63	15.93	28	12.07	446.04	1.757689893	477.9	1.883239171	1187619.732
KS12	20120610	93	73	15.93	33	17.07	525.69	2.071563089	318.6	1.255492781	842499.468
KS12	20120611	90	63	15.97	26.5	10.53	423.205	1.659361302	431.19	1.690670006	1053573.958
KS12	20120612	87.1	51.1	15.97	19.1	3.13	305.027	1.195992486	574.92	2.254226675	1268879.486
KS12	20120613	93	59	15.98	26	10.02	415.48	1.627033792	543.32	2.127659574	1319702.547
KS12	20120614	97	70	15.98	33.5	17.52	535.33	2.096370463	431.46	1.689612015	1151420.044
KS12	20120615	91.9	64	16	27.95	11.95	447.2	1.746875	446.4	1.74375	1113500.16
KS12	20120616	88	68	16	28	12	448	1.75	320	1.25	798720
KS12	20120617	93	68	16	30.5	14.5	488	1.90625	400	1.5625	1030400
KS12	20120618	95	75	16	35	19	560	2.1875	320	1.25	870400
KS12	20120619	91.9	73.9	16	32.9	16.9	526.4	2.05625	288	1.125	764006.4
KS12	20120620	87.1	73.4	16	30.25	14.25	484	1.890625	219.2	0.85625	562905.6
KS12	20120621	87.1	62.1	16	24.6	8.6	393.6	1.5375	400	1.5625	954880
KS12	20120622	87.1	57	16.02	22.05	6.03	353.241	1.376404494	482.202	1.878901373	1113154.637
KS12	20120623	96.1	66	16	31.05	15.05	496.8	1.940625	481.6	1.88125	1249077.76
KS12	20120624	100	77	16	38.5	22.5	616	2.40625	368	1.4375	1042176
KS12	20120625	96.1	66.9	16	31.5	15.5	504	1.96875	467.2	1.825	1218457.6
KS12	20120626	99	72	15.98	35.5	19.52	567.29	2.221526909	431.46	1.689612015	1178998.967
KS12	20120627	100	81	15.98	40.5	24.52	647.19	2.534418023	303.62	1.188986233	878184.4156
KS12	20120628	100	72	15.98	36	20.02	575.28	2.25281602	447.44	1.752190238	1229815.686
KS12	20120629	100	79	15.97	39.5	23.53	630.815	2.473387602	335.37	1.31496556	958698.7431
KS12	20120630	100	73.9	15.97	36.95	20.98	590.0915	2.313713212	416.817	1.634314339	1157577.087
KS12	20120701	96.1	72	15.93	34.05	18.12	542.4165	2.13747646	383.913	1.512868801	1028054.901
KS12	20120702	98.1	72	15.93	35.05	19.12	558.3465	2.200251099	415.773	1.638418079	1126617.188
KS12	20120703	100	77	15.92	38.5	22.58	612.92	2.418341709	366.16	1.444723618	1031780.294
KS12	20120704	100	77	15.9	38.5	22.6	612.15	2.421383648	365.7	1.446540881	1029189.51
KS12	20120705	100	78.1	15.9	39.05	23.15	620.895	2.455974843	348.21	1.377358491	986057.5959
KS12	20120706	100	75.9	15.87	37.95	22.08	602.2665	2.391304348	382.467	1.518588532	1067669.252
KS12	20120707	100	70	15.85	35	19.15	554.75	2.208201893	475.5	1.892744479	1281234.75
KS12	20120708	95	71.6	15.83	33.3	17.47	527.139	2.103600758	370.422	1.478205938	976905.7913
KS12	20120709	82	72	15.82	27	11.18	427.14	1.706700379	158.2	0.632111252	385419.496
KS12	20120710	90	66.9	15.8	28.45	12.65	449.51	1.800632911	364.98	1.462025316	904792.7196
KS12	20120711	93.9	57.9	15.78	25.9	10.12	408.702	1.641318124	568.08	2.281368821	1360781.104
KS12	20120712	100	68	15.75	34	18.25	535.5	2.158730159	504	2.031746032	1333584
KS12	20120713	97	70	15.73	33.5	17.77	526.955	2.129688493	424.71	1.716465353	1115674.946
KS12	20120714	100	64.9	15.7	32.45	16.75	509.465	2.066878981	551.07	2.23566879	1426681.655
KS12	20120715	100	71.1	15.68	35.55	19.87	557.424	2.267219388	453.152	1.843112245	1215737.937
KS12	20120716	97	75	15.67	36	20.33	564.12	2.297383535	344.74	1.403956605	929157.0376
KS12	20120717	100	75.9	15.63	37.95	22.32	593.1585	2.428023033	376.683	1.54190659	1035620.976
KS12	20120718	100	73.9	15.62	36.95	21.33	577.159	2.365556978	407.682	1.670934699	1107393.955
KS12	20120719	100	70	15.58	35	19.42	545.3	2.246469833	467.4	1.925545571	1237955.64
KS12	20120720	100	64.9	15.55	32.45	16.9	504.5975	2.08681672	545.805	2.257234727	1399550.452
KS12	20120721	100	66	15.52	33	17.48	512.16	2.12628866	527.68	2.190721649	1359472.538
KS12	20120722	100	70	15.48	35	19.52	541.8	2.260981912	464.4	1.937984496	1222115.04
KS12	20120723	100	66	15.45	33	17.55	509.85	2.13592233	525.3	2.200647249	1347236.91
KS12	20120724	100	80.1	15.43	40.05	24.62	617.9715	2.595593001	307.057	1.289695399	853293.9008
KS12	20120725	100	84	15.4	42	26.6	646.8	2.727272727	246.4	1.038961039	698199.04
KS12	20120726	97	73.4	15.38	35.2	19.82	541.376	2.288686606	362.968	1.534460338	951249.1119
KS12	20120727	96.1	70	15.35	33.05	17.7	507.3175	2.153094463	400.635	1.700325733	1021473.018
KS12	20120728	100	69.1	15.32	34.55	19.23	529.306	2.255221932	473.388	2.016971279	1226364.633
KS12	20120729	100	73	15.28	36.5	21.22	557.72	2.388743455	412.56	1.767015707	1090577.606
KS12	20120730	100	75.9	15.23	37.95	22.72	577.9785	2.491792515	367.043	1.582403152	983292.4142
KS12	20120731	100	71.1	15.2	35.55	20.35	540.36	2.338815789	439.28	1.901315789	1142444.282
KS12	20120801	99	69.1	15.17	34.05	18.88	516.5385	2.244561635	453.583	1.970995386	1156671.576
KS12	20120802	93	69.8	15.13	31.4	16.27	475.082	2.075346993	351.016	1.533377396	864609.9746
KS12	20120803	95	73.4	15.1	34.2	19.1	516.42	2.264900662	326.16	1.430463576	829372.6944
KS12	20120804	93.9	75	15.07	34.45	19.38	519.1615	2.285998673	284.823	1.254147313	724966.5328
KS12	20120805	90	55.9	15.03	22.95	7.92	344.9385	1.526946108	512.523	2.268795742	1123899.899
KS12	20120806	100	55.9	14.98	27.95	12.97	418.691	1.865821095	660.618	2.943925234	1542795.386
KS12	20120807	97	70	14.95	33.5	18.55	500.825	2.240802676	403.65	1.806020067	1007772.773
KS12	20120808	100	64	14.92	32	17.08	477.44	2.144772118	537.12	2.412868633	1314268.186
KS12	20120809	100	64	14.87	32	17.13	475.84	2.15198386	535.32	2.420981843	1305474.178
KS12	20120810	86	57.9	14.83	21.95	7.12	325.5185	1.480107889	416.723	1.894807822	889302.3008
KS12	20120811	91	52	14.8	21.5	6.7	318.2	1.452702703	577.2	2.635135135	1221586.08
KS12	20120812	91.9	66	14.75	28.95	14.2	427.0125	1.962711864	382.025	1.755932203	889745.7756
KS12	20120813	87.1	63	14.72	25.05	10.33	368.736	1.701766304	354.752	1.637228261	783814.6109
KS12	20120814	79	61	14.68	20	5.32	293.6	1.36239782	264.24	1.226158038	543066.048
KS12	20120815	95	59	14.63	27	12.37	395.01	1.845522898	526.68	2.460697198	1186620.574
KS12	20120816	93	68	14.6	30.5	15.9	445.3	2.089041096	365	1.712328767	857969
KS12	20120817	84	50	14.55	17	2.45	247.35	1.16838488	494.7	2.336769759	964516.59
KS12	20120818	87.1	51.1	14.52	19.1	4.58	277.332	1.315426997	522.72	2.479338843	1048923.406
KS12	20120819	82.9	55	14.48	18.95	4.47	274.396	1.308701657	403.992	1.92679558	806687.9937
KS12	20120820	90	50	14.43	20	5.57	288.6	1.386001386	577.2	2.772002772	1166059.44
KS12	20120821	95	54	14.4	24.5	10.1	352.8	1.701388889	590.4	2.847222222	1266762.24
KS12	20120822	96.1	53.1	14.35	24.6	10.25	353.01	1.714285714	617.05	2.996515679	1321116.391
KS12	20120823	96.1	69.1	14.32	32.6	18.28	466.832	2.276536313	386.64	1.88547486	914660.329
KS12	20120824	90	63	14.27	26.5	12.23	378.155	1.857042747	385.29	1.892081289	841207.5099
KS12	20120825	77	69.1	14.23	23.05	8.82	328.0015	1.619817287	112.417	0.555165144	233715.2803
KS12	20120826	84	69.1	14.18	26.55	12.37	376.479	1.87235543	211.282	1.05077574	458684.3482
KS12	20120827	90	62.1	14.13	26.05	11.92	368.0865	1.843595188	394.227	1.974522293	847262.0243
KS12	20120828	91.9	57.9	14.1	24.9	10.8	351.09	1.765957447	479.4	2.411347518	1012579.092
KS12	20120829	93.9	59	14.05	26.45	12.4	371.6225	1.882562278	490.345	2.483985765	1053381.195
KS12	20120830	97	63	14.02	30	15.98	420.6	2.139800285	476.68	2.42510699	1069288.576
KS12	20120831	90	62.1	13.97	26.05	12.08	363.9185	1.864710093	389.763	1.997136722	828182.8436
KS12	20120901	91	64.9	13.92	27.95	14.03	389.064	2.007902299	363.312	1.875	788433.5439
KS12	20120902	96.1	62.1	13.88	29.1	15.22	403.908	2.096541787	471.92	2.449567723	1036249.487
KS12	20120903	100	69.1	13.83	34.55	20.72	477.8265	2.498192336	427.347	2.234273319	999416.3436
KS12	20120904	97	68	13.8	32.5	18.7	448.5	2.355072464	400.2	2.101449275	911255.4
KS12	20120905	91	64.9	13.75	27.95	14.2	384.3125	2.032727273	358.875	1.898181818	769293.4219
KS12	20120906	93.9	61	13.7	27.45	13.75	376.065	2.003649635	450.73	2.401459854	956507.6549
KS12	20120907	89.1	62.1	13.67	25.6	11.93	349.952	1.872713972	369.09	1.975128018	762873.5974
KS12	20120908	82	50	13.62	16	2.38	217.92	1.174743025	435.84	2.34948605	783570.5856
KS12	20120909	77	51.1	13.57	14.05	0.48	190.6585	1.035372144	351.463	1.90862196	610954.1078
KS12	20120910	88	50	13.53	19	5.47	257.07	1.40428677	514.14	2.80857354	959971.3596
KS12	20120911	91.9	60.1	13.5	26	12.5	351	1.925925926	429.3	2.355555556	880923.6
KS12	20120912	88	66.9	13.47	27.45	13.98	369.7515	2.037861915	284.217	1.56644395	593019.6232
KS12	20120913	80.1	53.1	13.42	16.6	3.18	222.772	1.236959762	362.34	2.011922504	647698.693
KS12	20120914	73	50	13.37	11.5	-1.87	153.755	0.86013463	307.51	1.72026926	505703.2701
KS12	20120915	71.1	50	13.33	10.55	-2.78	140.6315	0.791447862	281.263	1.582895724	454032.4542
KS12	20120916	75.9	59	13.28	17.45	4.17	231.736	1.314006024	224.432	1.272590361	402063.6439
KS12	20120917	72	53.1	13.23	12.55	-0.68	166.0365	0.948601663	250.047	1.428571429	413846.0384
KS12	20120918	73	50	13.2	11.5	-1.7	151.8	0.871212121	303.6	1.742424242	492924.96
KS12	20120919	84.9	57	13.15	20.95	7.8	275.4925	1.593155894	366.885	2.121673004	684601.9067
KS12	20120920	79	50	13.1	14.5	1.4	189.95	1.106870229	379.9	2.213740458	641993.01
KS12	20120921	81	50	13.07	15.5	2.43	202.585	1.185921959	405.17	2.371843917	693719.9189
KS12	20120922	73.9	50	13.02	11.95	-1.07	155.589	0.91781874	311.178	1.835637481	501985.5037
KS12	20120923	71.1	50	12.98	10.55	-2.43	136.939	0.812788906	273.878	1.625577812	430502.8029
KS12	20120924	78.1	50	12.93	14.05	1.12	181.6665	1.086620263	363.333	2.173240526	601800.4379
KS12	20120925	81	55.9	12.88	18.45	5.57	237.636	1.432453416	323.288	1.948757764	570044.6783
KS12	20120926	72	61	12.87	16.5	3.63	212.355	1.282051282	141.57	0.854700855	242326.7847
KS12	20120927	75	50	12.82	12.5	-0.32	160.25	0.975039002	320.5	1.950078003	513601.25
KS12	20120928	71.1	50	12.77	10.55	-2.22	134.7235	0.826155051	269.447	1.652310102	416685.5048
KS12	20120929	75	50	12.73	12.5	-0.23	159.125	0.981932443	318.25	1.963864886	506415.3125
KS12	20120930	77	50	12.68	13.5	0.82	171.18	1.06466877	342.36	2.129337539	551322.8496
KS12	20121001	77	50	12.65	13.5	0.85	170.775	1.067193676	341.55	2.134387352	548717.1525
KS12	20121002	75	50	12.6	12.5	-0.1	157.5	0.992063492	315	1.984126984	496125
KS12	20121003	82	50	12.57	16	3.43	201.12	1.272871917	402.24	2.545743835	667412.6976
KS12	20121004	75.9	50	12.52	12.95	0.43	162.134	1.034345048	324.268	2.068690096	511133.2718
KS12	20121005	57.9	50	12.48	3.95	-8.53	49.296	0.31650641	98.592	0.633012821	132763.1985
KS12	20121006	50	50	12.43	0	-12.43	0	0	0	0	0
IA13	20130603	70	50	16.22	10	-6.22	162.2	0.616522811	324.4	1.233045623	631412.16
IA13	20130604	70	54	16.23	12	-4.23	194.76	0.739371534	259.68	0.985828712	522611.1936
IA13	20130605	65	57	16.25	11	-5.25	178.75	0.676923077	130	0.492307692	257725
IA13	20130606	68	53	16.27	10.5	-5.77	170.835	0.645359557	244.05	0.921942225	480453.9135
IA13	20130607	67	51	16.28	9	-7.28	146.52	0.552825553	260.48	0.982800983	500392.4992
IA13	20130608	68	52	16.3	10	-6.3	163	0.613496933	260.8	0.981595092	510124.8
IA13	20130609	70	60	16.32	15	-1.32	244.8	0.919117647	163.2	0.612745098	346245.12
IA13	20130610	73	56	16.33	14.5	-1.83	236.785	0.887936314	277.61	1.041028781	584804.8977
IA13	20130611	85	63	16.35	24	7.65	392.4	1.467889908	359.7	1.345565749	870402.06
IA13	20130612	87	70	16.35	28.5	12.15	465.975	1.743119266	277.95	1.039755352	713483.7525
IA13	20130613	86	60	16.37	23	6.63	376.51	1.405009163	425.62	1.588271228	1017240.312
IA13	20130614	81	62	16.37	21.5	5.13	351.955	1.313378131	311.03	1.160659743	728093.2373
IA13	20130615	74	63	16.37	18.5	2.13	302.845	1.130116066	180.07	0.671960904	403841.1883
IA13	20130616	84	64	16.38	24	7.62	393.12	1.465201465	327.6	1.221001221	794181.024
IA13	20130617	86	62	16.38	24	7.62	393.12	1.465201465	393.12	1.465201465	953017.2288
IA13	20130618	86	64	16.4	25	8.6	410	1.524390244	360.8	1.341463415	887568
IA13	20130619	84	63	16.4	23.5	7.1	385.4	1.432926829	344.4	1.280487805	830279.52
IA13	20130620	86	66	16.4	26	9.6	426.4	1.585365854	328	1.219512195	817638.4
IA13	20130621	86	71	16.4	28.5	12.1	467.4	1.737804878	246	0.914634146	633400.8
IA13	20130622	90	69	16.38	29.5	13.12	483.21	1.800976801	343.98	1.282051282	895868.3916
IA13	20130623	90	66	16.4	28	11.6	459.2	1.707317073	393.6	1.463414634	1006986.24
IA13	20130624	79	66	16.4	22.5	6.1	369	1.37195122	213.2	0.792682927	506989.6
IA13	20130625	85	67	16.38	26	9.62	425.88	1.587301587	294.84	1.098901099	734080.8384
IA13	20130626	89	71	16.38	30	13.62	491.4	1.831501832	294.84	1.098901099	772716.672
IA13	20130627	89	68	16.38	28.5	12.12	466.83	1.73992674	343.98	1.282051282	884599.6068
IA13	20130628	85	67	16.37	26	9.63	425.62	1.588271228	294.66	1.099572389	733184.7984
IA13	20130629	83	63	16.35	23	6.65	376.05	1.406727829	327	1.22324159	780581.7
IA13	20130630	76	57	16.33	16.5	0.17	269.445	1.010410288	310.27	1.163502756	673872.3103
IA13	20130701	80	59	16.33	19.5	3.17	318.435	1.194121249	342.93	1.28597673	778406.5191
IA13	20130702	81	59	16.32	20	3.68	326.4	1.225490196	359.04	1.348039216	820334.592
IA13	20130703	81	57	16.3	19	2.7	309.7	1.165644172	391.2	1.472392638	879965.28
IA13	20130704	84	61	16.28	22.5	6.22	366.3	1.382063882	374.44	1.412776413	883903.064
IA13	20130705	87	62	16.27	24.5	8.23	398.615	1.505838967	406.75	1.536570375	986055.5525
IA13	20130706	89	66	16.25	27.5	11.25	446.875	1.692307692	373.75	1.415384615	941382.8125
IA13	20130707	89	72	16.23	30.5	14.27	495.015	1.879235983	275.91	1.047443007	720961.1073
IA13	20130708	88	73	16.22	30.5	14.28	494.71	1.880394575	243.3	0.924784217	635358.486
IA13	20130709	90	74	16.18	32	15.82	517.76	1.977750309	258.88	0.988875155	686943.2576
IA13	20130710	91	66	16.17	28.5	12.33	460.845	1.762523191	404.25	1.546072975	1026265.433
IA13	20130711	83	61	16.15	22	5.85	355.3	1.362229102	355.3	1.362229102	826285.68
IA13	20130712	85	61	16.12	23	6.88	370.76	1.426799007	386.88	1.488833747	910529.8176
IA13	20130713	85	64	16.1	24.5	8.4	394.45	1.52173913	338.1	1.304347826	811068.09
IA13	20130714	84	63	16.07	23.5	7.43	377.645	1.462352209	337.47	1.306782825	797202.0063
IA13	20130715	87	65	16.03	26	9.97	416.78	1.621958827	352.66	1.3724267	859277.2496
IA13	20130716	90	71	16.02	30.5	14.48	488.61	1.903870162	304.38	1.186017478	785062.9836
IA13	20130717	93	70	15.98	31.5	15.52	503.37	1.971214018	367.54	1.439299124	957346.1396
IA13	20130718	93	71	15.95	32	16.05	510.4	2.006269592	350.9	1.379310345	917884.22
IA13	20130719	92	74	15.92	33	17.08	525.36	2.072864322	286.56	1.130653266	757297.8432
IA13	20130720	92	59	15.88	25.5	9.62	404.94	1.605793451	524.04	2.078085642	1256585.035
IA13	20130721	86	63	15.85	24.5	8.65	388.325	1.545741325	364.55	1.451104101	860939.5075
IA13	20130722	91	64	15.82	27.5	11.68	435.05	1.738305942	427.14	1.706700379	1047389.994
IA13	20130723	91	61	15.78	26	10.22	410.28	1.64765526	473.4	1.901140684	1135478.304
IA13	20130724	77	57	15.75	17	1.25	267.75	1.079365079	315	1.26984127	664807.5
IA13	20130725	84	59	15.72	21.5	5.78	337.98	1.367684478	393	1.590330789	883448.28
IA13	20130726	83	64	15.68	23.5	7.82	368.48	1.49872449	297.92	1.211734694	686693.6832
IA13	20130727	71	51	15.65	11	-4.65	172.15	0.702875399	313	1.277955272	597610.9
IA13	20130728	73	50	15.62	11.5	-4.12	179.63	0.736235595	359.26	1.472471191	690231.8676
IA13	20130729	73	50	15.58	11.5	-4.08	179.17	0.738125802	358.34	1.476251605	686701.2756
IA13	20130730	72	63	15.55	17.5	1.95	272.125	1.125401929	139.95	0.578778135	293790.0375
IA13	20130731	81	63	15.5	22	6.5	341	1.419354839	279	1.161290323	622728
IA13	20130801	84	58	15.45	21	5.55	324.45	1.359223301	401.7	1.682847896	881289.63
IA13	20130802	85	64	15.42	24.5	9.08	377.79	1.588845655	323.82	1.361867704	744002.3556
IA13	20130803	75	56	15.38	15.5	0.12	238.39	1.007802341	292.22	1.235370611	588759.0116
IA13	20130804	78	54	15.33	16	0.67	245.28	1.043705153	367.92	1.56555773	744508.1952
IA13	20130805	80	61	15.3	20.5	5.2	313.65	1.339869281	290.7	1.241830065	627127.11
IA13	20130806	87	66	15.27	26.5	11.23	404.655	1.735428946	320.67	1.37524558	749184.5277
IA13	20130807	86	65	15.22	25.5	10.28	388.11	1.67542707	319.62	1.379763469	734557.0764
IA13	20130808	78	56	15.18	17	1.82	258.06	1.119894598	333.96	1.449275362	679314.7152
IA13	20130809	78	63	15.12	20.5	5.38	309.96	1.355820106	226.8	0.992063492	483519.456
IA13	20130810	81	56	15.08	18.5	3.42	278.98	1.226790451	377	1.657824934	778866.92
IA13	20130811	82	61	15.05	21.5	6.45	323.575	1.428571429	316.05	1.395348837	680187.0075
IA13	20130812	83	65	15	24	9	360	1.6	270	1.2	599400
IA13	20130813	79	58	14.97	18.5	3.53	276.945	1.235804943	314.37	1.402805611	644738.2893
IA13	20130814	74	53	14.92	13.5	-1.42	201.42	0.904825737	313.32	1.407506702	593691.2688
IA13	20130815	72	58	14.87	15	0.13	223.05	1.008742434	208.18	0.941492939	402432.758
IA13	20130816	75	52	14.82	13.5	-1.32	200.07	0.910931174	340.86	1.551956815	641546.2404
IA13	20130817	78	55	14.77	16.5	1.73	243.705	1.117129316	339.71	1.557210562	667329.7211
IA13	20130818	79	56	14.73	17.5	2.77	257.775	1.188051595	338.79	1.56143924	673700.8545
IA13	20130819	82	58	14.68	20	5.32	293.6	1.36239782	352.32	1.634877384	724088.064
IA13	20130820	87	65	14.65	26	11.35	380.9	1.774744027	322.3	1.501706485	717697.64
IA13	20130821	88	69	14.6	28.5	13.9	416.1	1.952054795	277.4	1.301369863	635856.28
IA13	20130822	88	70	14.55	29	14.45	421.95	1.993127148	261.9	1.237113402	602081.91
IA13	20130823	85	65	14.52	25	10.48	363	1.721763085	290.4	1.377410468	632491.2
IA13	20130824	87	68	14.45	27.5	13.05	397.375	1.903114187	274.55	1.314878893	614923.3625
IA13	20130825	90	69	14.4	29.5	15.1	424.8	2.048611111	302.4	1.458333333	692375.04
IA13	20130826	93	70	14.37	31.5	17.13	452.655	2.192066806	330.51	1.600556715	774156.8781
IA13	20130827	93	72	14.32	32.5	18.18	465.4	2.269553073	300.72	1.466480447	710541.216
IA13	20130828	93	70	14.27	31.5	17.23	449.505	2.207428171	328.21	1.61177295	763419.7421
IA13	20130829	94	68	14.22	31	16.78	440.82	2.180028129	369.72	1.828410689	851701.7808
IA13	20130830	96	68	14.18	32	17.82	453.76	2.256699577	397.04	1.97461213	923324.4608
IA13	20130831	96	65	14.13	30.5	16.37	430.965	2.158527955	438.03	2.193913659	996487.5879
IA13	20130901	89	68	14.08	28.5	14.42	401.28	2.024147727	295.68	1.491477273	653618.3808
IA13	20130902	78	54	14.02	16	1.98	224.32	1.141226819	336.48	1.711840228	622703.3472
IA13	20130903	79	50	13.98	14.5	0.52	202.71	1.037195994	405.42	2.074391989	731142.5364
IA13	20130904	88	59	13.93	23.5	9.57	327.355	1.687006461	403.97	2.08183776	827213.4087
IA13	20130905	88	67	13.88	27.5	13.62	381.7	1.981268012	291.48	1.5129683	627090.072
IA13	20130906	88	64	13.83	26	12.17	359.58	1.879971077	331.92	1.735357918	697748.9472
IA13	20130907	88	68	13.8	28	14.2	386.4	2.028985507	276	1.449275362	594172.8
IA13	20130908	84	68	13.75	26	12.25	357.5	1.890909091	220	1.163636364	459800
IA13	20130909	97	65	13.7	31	17.3	424.7	2.262773723	438.4	2.335766423	972984.96
IA13	20130910	96	65	13.65	30.5	16.85	416.325	2.234432234	423.15	2.271062271	929935.5975
IA13	20130911	93	67	13.62	30	16.38	408.6	2.202643172	354.12	1.908957416	771698.304
IA13	20130912	84	59	13.57	21.5	7.93	291.755	1.584377303	339.25	1.842299189	658318.0175
IA13	20130913	75	50	13.5	12.5	-1	168.75	0.925925926	337.5	1.851851852	569531.25
IA13	20130914	74	50	13.45	12	-1.45	161.4	0.892193309	322.8	1.784386617	538365.84
IA13	20130915	75	50	13.4	12.5	-0.9	167.5	0.932835821	335	1.865671642	561125
IA13	20130916	64	50	13.37	7	-6.37	93.59	0.523560209	187.18	1.047120419	285296.0124
IA13	20130917	64	53	13.32	8.5	-4.82	113.22	0.638138138	146.52	0.825825826	228342.6288
IA13	20130918	88	58	13.27	23	9.73	305.21	1.733232856	398.1	2.260738508	771286.902
IA13	20130919	88	72	13.22	30	16.78	396.6	2.269288956	211.52	1.210287443	447407.104
IA13	20130920	72	52	13.18	12	-1.18	158.16	0.91047041	263.6	1.517450683	430806.752
IA13	20130921	71	50	13.13	10.5	-2.63	137.865	0.799695354	275.73	1.599390708	438060.5229
IA13	20130922	76	50	13.08	13	-0.08	170.04	0.993883792	340.08	1.987767584	560479.0464
IA13	20130923	75	50	13.03	12.5	-0.53	162.875	0.959324635	325.75	1.918649271	530565.3125
IA13	20130924	75	53	13	14	1	182	1.076923077	286	1.692307692	475904
IA13	20130925	76	50	12.95	13	0.05	168.35	1.003861004	336.7	2.007722008	549393.39
IA13	20130926	82	56	12.9	19	6.1	245.1	1.472868217	335.4	2.015503876	597079.08
IA13	20130927	85	63	12.83	24	11.17	307.92	1.870615744	282.26	1.714731099	535966.5784
IA13	20130928	85	54	12.8	19.5	6.7	249.6	1.5234375	396.8	2.421875	705986.56
IA13	20130929	74	50	12.75	12	-0.75	153	0.941176471	306	1.882352941	483786
IA13	20130930	76	50	12.7	13	0.3	165.1	1.023622047	330.2	2.047244094	528386.04
IA13	20131001	81	55	12.65	18	5.35	227.7	1.422924901	328.9	2.055335968	565839.56
IA13	20131002	83	50	12.62	16.5	3.88	208.23	1.307448494	416.46	2.614896989	699011.4516
IA14	20140610	72	58	16.33	15	-1.33	244.95	0.918554807	228.62	0.85731782	485337.398
IA14	20140611	80	56	16.33	18	1.67	293.94	1.102265769	391.92	1.469687691	870407.2896
IA14	20140612	80	60	16.35	20	3.65	327	1.22324159	327	1.22324159	748503
IA14	20140613	74	50	16.35	12	-4.35	196.2	0.733944954	392.4	1.467889908	795551.76
IA14	20140614	81	55	16.37	18	1.63	294.66	1.099572389	425.62	1.588271228	947566.3184
IA14	20140615	81	66	16.37	23.5	7.13	384.695	1.435552841	245.55	0.916310324	590889.0645
IA14	20140616	82	59	16.38	20.5	4.12	335.79	1.251526252	376.74	1.404151404	870111.1692
IA14	20140617	86	62	16.38	24	7.62	393.12	1.465201465	393.12	1.465201465	953017.2288
IA14	20140618	85	67	16.38	26	9.62	425.88	1.587301587	294.84	1.098901099	734080.8384
IA14	20140619	85	72	16.4	28.5	12.1	467.4	1.737804878	213.2	0.792682927	548947.36
IA14	20140620	85	61	16.4	23	6.6	377.2	1.402439024	393.6	1.463414634	942435.84
IA14	20140621	86	66	16.4	26	9.6	426.4	1.585365854	328	1.219512195	817638.4
IA14	20140622	83	64	16.38	23.5	7.12	384.93	1.434676435	311.22	1.15995116	749374.1892
IA14	20140623	79	62	16.4	20.5	4.1	336.2	1.25	278.8	1.036585366	644697.12
IA14	20140624	80	62	16.4	21	4.6	344.4	1.280487805	295.2	1.097560976	687461.76
IA14	20140625	83	62	16.4	22.5	6.1	369	1.37195122	344.4	1.280487805	818983.2
IA14	20140626	84	67	16.38	25.5	9.12	417.69	1.556776557	278.46	1.037851038	688737.3948
IA14	20140627	76	66	16.38	21	4.62	343.98	1.282051282	163.8	0.610500611	380992.248
IA14	20140628	83	70	16.37	26.5	10.13	433.805	1.618814905	212.81	0.794135614	533006.0541
IA14	20140629	80	61	16.37	20.5	4.13	335.585	1.252290776	311.03	1.160659743	717910.1151
IA14	20140630	79	65	16.33	22	5.67	359.26	1.347213717	228.62	0.85731782	537604.5024
IA14	20140701	74	60	16.33	17	0.67	277.61	1.041028781	228.62	0.85731782	500270.8564
IA14	20140702	73	53	16.32	13	-3.32	212.16	0.796568627	326.4	1.225490196	671182.848
IA14	20140703	73	52	16.32	12.5	-3.82	204	0.765931373	342.72	1.286764706	699148.8
IA14	20140704	77	52	16.28	14.5	-1.78	236.06	0.890663391	407	1.535626536	854748.84
IA14	20140705	77	62	16.27	19.5	3.23	317.265	1.198524892	244.05	0.921942225	551926.3965
IA14	20140706	86	67	16.27	26.5	10.23	431.155	1.628764597	309.13	1.167793485	769520.4003
IA14	20140707	87	66	16.23	26.5	10.27	430.095	1.632778805	340.83	1.293900185	846345.6477
IA14	20140708	81	62	16.22	21.5	5.28	348.73	1.325524044	308.18	1.171393342	714811.1828
IA14	20140709	78	56	16.18	17	0.82	275.06	1.050679852	355.96	1.359703337	771763.9952
IA14	20140710	81	59	16.18	20	3.82	323.6	1.236093943	355.96	1.359703337	806320.592
IA14	20140711	81	64	16.15	22.5	6.35	363.375	1.393188854	274.55	1.052631579	642927.4625
IA14	20140712	79	68	16.13	23.5	7.37	379.055	1.456912585	177.43	0.681959082	420706.0473
IA14	20140713	81	63	16.1	22	5.9	354.2	1.366459627	289.8	1.118012422	671872.32
IA14	20140714	81	59	16.07	20	3.93	321.4	1.244555072	353.54	1.369010579	795394.292
IA14	20140715	70	51	16.05	10.5	-5.55	168.525	0.654205607	304.95	1.183800623	592228.1475
IA14	20140716	72	54	16.02	13	-3.02	208.26	0.811485643	288.36	1.123595506	582060.4272
IA14	20140717	76	54	15.98	15	-0.98	239.7	0.938673342	351.56	1.376720901	730330.744
IA14	20140718	77	57	15.95	17	1.05	271.15	1.065830721	319	1.253918495	681798.7
IA14	20140719	79	62	15.93	20.5	4.57	326.565	1.2868801	270.81	1.067168864	608274.4653
IA14	20140720	82	62	15.92	22	6.08	350.24	1.381909548	318.4	1.256281407	729925.632
IA14	20140721	88	67	15.88	27.5	11.62	436.7	1.731738035	333.48	1.322418136	820827.672
IA14	20140722	88	76	15.83	32	16.17	506.56	2.021478206	189.96	0.758054327	493158.9552
IA14	20140723	85	60	15.8	22.5	6.7	355.5	1.424050633	395	1.582278481	904945
IA14	20140724	79	60	15.77	19.5	3.73	307.515	1.236525048	299.63	1.204819277	656797.9489
IA14	20140725	78	62	15.73	20	4.27	314.6	1.271455817	251.68	1.017164654	554249.696
IA14	20140726	79	68	15.7	23.5	7.8	368.95	1.496815287	172.7	0.700636943	398574.33
IA14	20140727	82	63	15.65	22.5	6.85	352.125	1.437699681	297.35	1.214057508	674761.4875
IA14	20140728	72	58	15.62	15	-0.62	234.3	0.960307298	218.68	0.896286812	444051.608
IA14	20140729	76	56	15.58	16	0.42	249.28	1.026957638	311.6	1.283697047	640824.096
IA14	20140730	77	57	15.55	17	1.45	264.35	1.093247588	311	1.286173633	648030.7
IA14	20140731	80	56	15.52	18	2.48	279.36	1.159793814	372.48	1.546391753	786200.9856
IA14	20140801	80	57	15.48	18.5	3.02	286.38	1.195090439	356.04	1.485788114	755075.3904
IA14	20140802	82	57	15.43	19.5	4.07	300.885	1.263771873	385.75	1.62022035	827345.0275
IA14	20140803	83	62	15.38	22.5	7.12	346.05	1.462938882	322.98	1.365409623	720277.698
IA14	20140804	84	64	15.35	24	8.65	368.4	1.563517915	307	1.302931596	697442.6
IA14	20140805	84	62	15.3	23	7.7	351.9	1.503267974	336.6	1.437908497	751897.08
IA14	20140806	78	64	15.27	21	5.73	320.67	1.37524558	213.78	0.916830386	463547.7252
IA14	20140807	69	66	15.23	17.5	2.27	266.525	1.149047932	45.69	0.196979645	93940.9245
IA14	20140808	77	63	15.18	20	4.82	303.6	1.317523057	212.52	0.92226614	451647.504
IA14	20140809	78	64	15.15	21	5.85	318.15	1.386138614	212.1	0.924092409	456290.73
IA14	20140810	78	63	15.1	20.5	5.4	309.55	1.357615894	226.5	0.993377483	482241.15
IA14	20140811	76	63	15.05	19.5	4.45	293.475	1.295681063	195.65	0.863787375	409290.0175
IA14	20140812	76	54	15	15	0	225	1	330	1.466666667	643500
IA14	20140813	78	57	14.97	17.5	2.53	261.975	1.169004676	314.37	1.402805611	635326.0515
IA14	20140814	79	58	14.92	18.5	3.58	276.02	1.239946381	313.32	1.407506702	640438.6128
IA14	20140815	78	65	14.88	21.5	6.62	319.92	1.444892473	193.44	0.873655914	411609.3696
IA14	20140816	77	65	14.83	21	6.17	311.43	1.41604855	177.96	0.8091706	374758.8456
IA14	20140817	83	63	14.8	23	8.2	340.4	1.554054054	296	1.351351351	639596.8
IA14	20140818	85	66	14.73	25.5	10.77	375.615	1.731160896	279.87	1.289884589	622495.2501
IA14	20140819	85	66	14.7	25.5	10.8	374.85	1.734693878	279.3	1.292517007	619962.21
IA14	20140820	82	64	14.65	23	8.35	336.95	1.56996587	263.7	1.228668942	564027.93
IA14	20140821	84	72	14.6	28	13.4	408.8	1.917808219	175.2	0.821917808	399035.52
IA14	20140822	86	70	14.57	28	13.43	407.96	1.921757035	233.12	1.098146877	529863.1104
IA14	20140823	85	70	14.52	27.5	12.98	399.3	1.893939394	217.8	1.033057851	490180.68
IA14	20140824	90	71	14.47	30.5	16.03	441.335	2.107809261	274.93	1.313061507	640496.1731
IA14	20140825	90	70	14.43	30	15.57	432.9	2.079002079	288.6	1.386001386	666319.68
IA14	20140826	84	62	14.37	23	8.63	330.51	1.600556715	316.14	1.530967293	663268.0428
IA14	20140827	75	63	14.32	19	4.68	272.08	1.326815642	171.84	0.837988827	339583.3344
IA14	20140828	74	64	14.28	19	4.72	271.32	1.330532213	142.8	0.700280112	281407.392
IA14	20140829	82	65	14.23	23.5	9.27	334.405	1.651440618	241.91	1.194659171	506029.7571
IA14	20140830	77	65	14.18	21	6.82	297.78	1.480959097	170.16	0.846262341	342627.3696
IA14	20140831	84	62	14.13	23	8.87	324.99	1.627742392	310.86	1.556970984	641297.9628
IA14	20140901	82	64	14.1	23	8.9	324.3	1.631205674	253.8	1.276595745	522472.68
IA14	20140902	77	58	14.05	17.5	3.45	245.875	1.245551601	266.95	1.352313167	506337.4125
IA14	20140903	82	58	14	20	6	280	1.428571429	336	1.714285714	658560
IA14	20140904	89	72	13.93	30.5	16.57	424.865	2.189519024	236.81	1.220387653	531100.8913
IA14	20140905	90	58	13.9	24	10.1	333.6	1.726618705	444.8	2.302158273	915042.56
IA14	20140906	71	50	13.85	10.5	-3.35	145.425	0.758122744	290.85	1.516245487	487420.9725
IA14	20140907	73	51	13.8	12	-1.8	165.6	0.869565217	303.6	1.594202899	519520.32
IA14	20140908	73	52	13.75	12.5	-1.25	171.875	0.909090909	288.75	1.527272727	496289.0625
IA14	20140909	72	63	13.72	17.5	3.78	240.1	1.275510204	123.48	0.655976676	228709.656
IA14	20140910	67	58	13.67	12.5	-1.17	170.875	0.914411119	123.03	0.658376006	210227.5125
IA14	20140911	59	50	13.62	4.5	-9.12	61.29	0.330396476	122.58	0.660792952	181979.8164
IA14	20140912	55	50	13.57	2.5	-11.07	33.925	0.184229919	67.85	0.368459838	96676.0725
IA14	20140913	58	50	13.52	4	-9.52	54.08	0.295857988	108.16	0.591715976	157930.9056
IA14	20140914	68	50	13.48	9	-4.48	121.32	0.667655786	242.64	1.335311573	385952.8896
IA14	20140915	67	50	13.43	8.5	-4.93	114.155	0.632911392	228.31	1.265822785	358745.7861
IA14	20140916	65	50	13.37	7.5	-5.87	100.275	0.560957367	200.55	1.121914734	308355.6525
IA14	20140917	72	50	13.32	11	-2.32	146.52	0.825825826	293.04	1.651651652	476201.7216
IA14	20140918	73	50	13.28	11.5	-1.78	152.72	0.865963855	305.44	1.731927711	498917.9136
IA14	20140919	78	53	13.23	15.5	2.27	205.065	1.171579743	330.75	1.889644747	573232.7475
IA14	20140920	82	63	13.18	22.5	9.32	296.55	1.707132018	250.42	1.441578149	478577.662
IA14	20140921	71	53	13.13	12	-1.13	157.56	0.913937548	236.34	1.370906321	384789.8808
IA14	20140922	72	50	13.08	11	-2.08	143.88	0.840978593	287.76	1.681957187	459195.8976
IA14	20140923	72	50	13.05	11	-2.05	143.55	0.842911877	287.1	1.685823755	457091.91
IA14	20140924	68	55	13	11.5	-1.5	149.5	0.884615385	169	1	270231
IA14	20140925	77	57	12.95	17	4.05	220.15	1.312741313	259	1.544401544	449442.7
IA14	20140926	80	57	12.9	18.5	5.6	238.65	1.434108527	296.7	1.782945736	524357.91
IA14	20140927	80	60	12.87	20	7.13	257.4	1.554001554	257.4	1.554001554	463783.32
IA14	20140928	81	58	12.82	19.5	6.68	249.99	1.521060842	294.86	1.794071763	525434.6228
IA14	20140929	80	59	12.77	19.5	6.73	249.015	1.527016445	268.17	1.644479248	476009.7951
IA14	20140930	79	52	12.72	15.5	2.78	197.16	1.218553459	343.44	2.122641509	572280.9408
IA14	20141001	67	54	12.67	10.5	-2.17	133.035	0.828729282	164.71	1.026045777	252511.9597
IA14	20141002	69	59	12.62	14	1.38	176.68	1.109350238	126.2	0.792393027	203858.432
IA14	20141003	64	50	12.57	7	-5.57	87.99	0.556881464	175.98	1.113762928	252175.8204
IA14	20141004	51	50	12.53	0.5	-12.03	6.265	0.03990423	12.53	0.07980846	15857.0909
IA14	20141005	63	50	12.48	6.5	-5.98	81.12	0.520833333	162.24	1.041666667	228797.3376
IA14	20141006	62	50	12.43	6	-6.43	74.58	0.482703138	149.16	0.965406275	207654.5856
IA14	20141007	66	50	12.4	8	-4.4	99.2	0.64516129	198.4	1.290322581	285378.56
IA14	20141008	69	50	12.35	9.5	-2.85	117.325	0.769230769	234.65	1.538461538	344853.3725
IA14	20141009	69	50	12.3	9.5	-2.8	116.85	0.772357724	233.7	1.544715447	342066.69
PR14S	20140605	87.8	75.2	13.97	31.5	17.53	440.055	2.254831782	176.022	0.901932713	400821.4564
PR14S	20140606	87.8	75.2	13.97	31.5	17.53	440.055	2.254831782	176.022	0.901932713	400821.4564
PR14S	20140607	89.6	75.2	13.98	32.4	18.42	452.952	2.317596567	201.312	1.030042918	463803.522
PR14S	20140608	87.8	73.4	13.98	30.6	16.62	427.788	2.188841202	201.312	1.030042918	453671.8917
PR14S	20140609	83.3	74.3	13.98	28.8	14.82	402.624	2.060085837	125.82	0.643776824	277212.6634
PR14S	20140610	78.8	75.2	14	27	13	378	1.928571429	50.4	0.257142857	108662.4
PR14S	20140611	84.2	71.6	14	27.9	13.9	390.6	1.992857143	176.4	0.9	384763.68
PR14S	20140612	89.6	75.2	14	32.4	18.4	453.6	2.314285714	201.6	1.028571429	465131.52
PR14S	20140613	89.6	73.4	14.02	31.5	17.48	441.63	2.2467903	227.124	1.155492154	519037.3922
PR14S	20140614	91.4	75.2	14.02	33.3	19.28	466.866	2.375178317	227.124	1.155492154	530500.7948
PR14S	20140615	82.4	77	14	29.7	15.7	415.8	2.121428571	75.6	0.385714286	168708.96
PR14S	20140616	91.4	80.6	14.02	36	21.98	504.72	2.567760342	151.416	0.770328103	365130.599
PR14S	20140617	89.6	73.4	14.02	31.5	17.48	441.63	2.2467903	227.124	1.155492154	519037.3922
PR14S	20140618	87.8	77	14.02	32.4	18.38	454.248	2.310984308	151.416	0.770328103	349846.0623
PR14S	20140619	89.6	73.4	14.02	31.5	17.48	441.63	2.2467903	227.124	1.155492154	519037.3922
PR14S	20140620	91.4	75.2	14.03	33.3	19.27	467.199	2.373485388	227.286	1.154668567	531257.8418
PR14S	20140621	91.4	80.6	14.02	36	21.98	504.72	2.567760342	151.416	0.770328103	365130.599
PR14S	20140622	84.2	77.9	14.02	31.05	17.03	435.321	2.214693295	88.326	0.44935806	200733.3773
PR14S	20140623	84.2	77.9	14.02	31.05	17.03	435.321	2.214693295	88.326	0.44935806	200733.3773
PR14S	20140624	77	75.2	14.02	26.1	12.08	365.922	1.861626248	25.236	0.128388017	53849.68718
PR14S	20140625	77	75.2	14	26.1	12.1	365.4	1.864285714	25.2	0.128571429	53696.16
PR14S	20140626	89.6	75.2	14.02	32.4	18.38	454.248	2.310984308	201.888	1.027104137	466461.4164
PR14S	20140627	91.4	77	14.02	34.2	20.18	479.484	2.439372325	201.888	1.027104137	476651.1076
PR14S	20140628	89.6	78.8	14.02	34.2	20.18	479.484	2.439372325	151.416	0.770328103	357488.3307
PR14S	20140629	89.6	75.2	14	32.4	18.4	453.6	2.314285714	201.6	1.028571429	465131.52
PR14S	20140630	89.6	77	14	33.3	19.3	466.2	2.378571429	176.4	0.9	411435.36
PR14S	20140701	84.2	75.2	14	29.7	15.7	415.8	2.121428571	126	0.642857143	281181.6
PR14S	20140702	89.6	75.2	13.98	32.4	18.42	452.952	2.317596567	201.312	1.030042918	463803.522
PR14S	20140703	89.6	75.2	13.98	32.4	18.42	452.952	2.317596567	201.312	1.030042918	463803.522
PR14S	20140704	91.4	75.2	13.98	33.3	19.32	465.534	2.381974249	226.476	1.158798283	527478.0044
PR14S	20140705	91.4	73.4	13.97	32.4	18.43	452.628	2.319255548	251.46	1.288475304	578925.2938
PR14S	20140706	89.6	75.2	13.97	32.4	18.43	452.628	2.319255548	201.168	1.030780243	463140.235
PR14S	20140707	89.6	78.8	13.97	34.2	20.23	477.774	2.448103078	150.876	0.773085183	354943.032
PR14S	20140708	89.6	78.8	13.95	34.2	20.25	477.09	2.451612903	150.66	0.774193548	353927.4588
PR14S	20140709	91.4	75.2	13.95	33.3	19.35	464.535	2.387096774	225.99	1.161290323	525216.5793
PR14S	20140710	91.4	78.8	13.93	35.1	21.17	488.943	2.519741565	175.518	0.904522613	416133.1689
PR14S	20140711	89.6	78.8	13.93	34.2	20.27	476.406	2.455132807	150.444	0.775305097	352913.3405
PR14S	20140712	82.4	77	13.93	29.7	15.77	413.721	2.132089017	75.222	0.387652548	167026.0881
PR14S	20140713	78.8	75.2	13.92	27	13.08	375.84	1.939655172	50.112	0.25862069	107424.0922
PR14S	20140714	78.8	73.4	13.9	26.1	12.2	362.79	1.877697842	75.06	0.388489209	158795.4348
PR14S	20140715	78.8	75.2	13.9	27	13.1	375.3	1.942446043	50.04	0.258992806	107115.624
PR14S	20140716	87.8	75.2	13.88	31.5	17.62	437.22	2.26945245	174.888	0.90778098	395673.6067
PR14S	20140717	89.6	77	13.88	33.3	19.42	462.204	2.399135447	174.888	0.90778098	404412.4103
PR14S	20140718	89.6	77	13.88	33.3	19.42	462.204	2.399135447	174.888	0.90778098	404412.4103
PR14S	20140719	89.6	75.2	13.85	32.4	18.55	448.74	2.339350181	199.44	1.039711191	455217.8112
PR14S	20140720	89.6	77	13.85	33.3	19.45	461.205	2.40433213	174.51	0.909747292	402666.1191
PR14S	20140721	91.4	78.8	13.83	35.1	21.27	485.433	2.537960954	174.258	0.911062907	410179.9814
PR14S	20140722	89.6	73.4	13.83	31.5	17.67	435.645	2.277657267	224.046	1.171366594	505064.6573
PR14S	20140723	91.4	75.2	13.82	33.3	19.48	460.206	2.409551375	223.884	1.172214182	515473.2082
PR14S	20140724	91.4	80.6	13.8	36	22.2	496.8	2.608695652	149.04	0.782608696	353761.344
PR14S	20140725	93.2	78.8	13.8	36	22.2	496.8	2.608695652	198.72	1.043478261	471681.792
PR14S	20140726	91.4	80.6	13.77	36	22.23	495.72	2.614379085	148.716	0.784313725	352224.923
PR14S	20140727	91.4	77	13.77	34.2	20.43	470.934	2.483660131	198.288	1.045751634	459803.698
PR14S	20140728	91.4	75.2	13.75	33.3	19.55	457.875	2.421818182	222.75	1.178181818	510264.5625
PR14S	20140729	87.8	75.2	13.73	31.5	17.77	432.495	2.294246176	172.998	0.917698471	387167.794
PR14S	20140730	89.6	75.2	13.73	32.4	18.67	444.852	2.359796067	197.712	1.048798252	447363.7332
PR14S	20140731	89.6	86	13.72	37.8	24.08	518.616	2.755102041	49.392	0.262390671	118996.7869
PR14S	20140801	89.6	78.8	13.7	34.2	20.5	468.54	2.496350365	147.96	0.788321168	341355.5568
PR14S	20140802	84.2	75.2	13.68	29.7	16.02	406.296	2.171052632	123.12	0.657894737	268474.487
PR14S	20140803	80.6	78.8	13.68	29.7	16.02	406.296	2.171052632	24.624	0.131578947	53694.89741
PR14S	20140804	78.8	75.2	13.65	27	13.35	368.55	1.978021978	49.14	0.263736264	103297.194
PR14S	20140805	82.4	78.8	13.65	30.6	16.95	417.69	2.241758242	49.14	0.263736264	108126.6732
PR14S	20140806	86	78.8	13.63	32.4	18.77	441.612	2.377109318	98.136	0.528246515	220435.4385
PR14S	20140807	89.6	78.8	13.6	34.2	20.6	465.12	2.514705882	146.88	0.794117647	336390.4512
PR14S	20140808	82.4	77	13.6	29.7	16.1	403.92	2.183823529	73.44	0.397058824	159206.1696
PR14S	20140809	87.8	75.2	13.58	31.5	17.92	427.77	2.319587629	171.108	0.927835052	378754.4023
PR14S	20140810	89.6	75.2	13.57	32.4	18.83	439.668	2.387619749	195.408	1.061164333	436997.9451
PR14S	20140811	91.4	75.2	13.55	33.3	19.75	451.215	2.457564576	219.51	1.195571956	495528.4593
PR14S	20140812	91.4	78.8	13.53	35.1	21.57	474.903	2.594235033	170.478	0.931263858	392577.7613
PR14S	20140813	91.4	78.8	13.52	35.1	21.58	474.552	2.596153846	170.352	0.931952663	391997.6686
PR14S	20140814	91.4	78.8	13.5	35.1	21.6	473.85	2.6	170.1	0.933333333	390838.77
PR14S	20140815	89.6	78.8	13.48	34.2	20.72	461.016	2.537091988	145.584	0.801186944	330480.3387
PR14S	20140816	91.4	77	13.48	34.2	20.72	461.016	2.537091988	194.112	1.068249258	440640.4516
PR14S	20140817	91.4	78.8	13.45	35.1	21.65	472.095	2.609665428	169.47	0.936802974	387949.0293
PR14S	20140818	91.4	77	13.43	34.2	20.77	459.306	2.546537602	193.392	1.072226359	437377.6679
PR14S	20140819	80.6	75.2	13.43	27.9	14.47	374.697	2.07743857	72.522	0.402084885	151744.5977
PR14S	20140820	77	75.2	13.42	26.1	12.68	350.262	1.94485842	24.156	0.134128167	49339.20974
PR14S	20140821	91.4	75.2	13.38	33.3	19.92	445.554	2.488789238	216.756	1.210762332	483172.5336
PR14S	20140822	91.4	78.8	13.37	35.1	21.73	469.287	2.625280479	168.462	0.942408377	383347.7472
PR14S	20140823	86	75.2	13.37	30.6	17.23	409.122	2.288706058	144.396	0.807778609	311208.6126
PR14S	20140824	89.6	77	13.35	33.3	19.95	444.555	2.494382022	168.21	0.943820225	374117.5431
PR14S	20140825	89.6	77	13.32	33.3	19.98	443.556	2.5	167.832	0.945945946	372438.0052
PR14S	20140826	91.4	77.9	13.3	34.65	21.35	460.845	2.605263158	179.55	1.015037594	404290.9395
PR14S	20140827	93.2	78.8	13.28	36	22.72	478.08	2.710843373	191.232	1.084337349	436804.4851
PR14S	20140828	89.6	80.6	13.28	35.1	21.82	466.128	2.643072289	119.52	0.677710843	270145.7971
PR14S	20140829	89.6	75.2	13.27	32.4	19.13	429.948	2.441597589	191.088	1.085154484	417889.5828
PR14S	20140830	89.6	75.2	13.23	32.4	19.17	428.652	2.448979592	190.512	1.088435374	415374.0756
PR14S	20140831	87.8	77	13.22	32.4	19.18	428.328	2.450832073	142.776	0.816944024	311059.7891
PR14S	20140901	89.6	75.2	13.2	32.4	19.2	427.68	2.454545455	190.08	1.090909091	413492.4288
PR14S	20140902	89.6	75.2	13.2	32.4	19.2	427.68	2.454545455	190.08	1.090909091	413492.4288
PR14S	20140903	91.4	77	13.18	34.2	21.02	450.756	2.594840668	189.792	1.092564492	421245.6215
PR14S	20140904	84.2	78.8	13.15	31.5	18.35	414.225	2.395437262	71.01	0.410646388	152206.3845
PR14S	20140905	91.4	75.2	13.13	33.3	20.17	437.229	2.536176695	212.706	1.233815689	465285.4413
PR14S	20140906	91.4	75.2	13.12	33.3	20.18	436.896	2.538109756	212.544	1.234756098	464576.9748
PR14S	20140907	87.8	73.4	13.1	30.6	17.5	400.86	2.335877863	188.64	1.099236641	398354.8608
PR14S	20140908	89.6	75.2	13.08	32.4	19.32	423.792	2.47706422	188.352	1.100917431	406008.5576
PR14S	20140909	86	73.4	13.07	29.7	16.63	388.179	2.272379495	164.682	0.964039786	343091.5622
PR14S	20140910	84.2	75.2	13.05	29.7	16.65	387.585	2.275862069	117.45	0.689655172	244315.9665
PR14S	20140911	89.6	75.2	13.03	32.4	19.37	422.172	2.486569455	187.632	1.10514198	402910.4494
PR14S	20140912	89.6	75.2	13.02	32.4	19.38	421.848	2.488479263	187.488	1.105990783	402292.2516
PR14S	20140913	91.4	75.2	13	33.3	20.3	432.9	2.561538462	210.6	1.246153846	456117.48
PR14S	20140914	91.4	75.2	12.98	33.3	20.32	432.234	2.565485362	210.276	1.24807396	454715.1212
PR14S	20140915	89.6	71.6	12.97	30.6	17.63	396.882	2.359290671	233.46	1.387818042	488109.7634
PR14S	20140916	89.6	71.6	12.95	30.6	17.65	396.27	2.362934363	233.1	1.38996139	486605.574
PR14S	20140917	89.6	75.2	12.93	32.4	19.47	418.932	2.505800464	186.192	1.113689095	396749.8299
PR14S	20140918	91.4	73.4	12.92	32.4	19.48	418.608	2.507739938	232.56	1.393188854	495170.473
PR14S	20140919	91.4	78.8	12.9	35.1	22.2	452.79	2.720930233	162.54	0.976744186	356869.5732
PR14S	20140920	91.4	75.2	12.88	33.3	20.42	428.904	2.585403727	208.656	1.257763975	447735.714
PR14S	20140921	89.6	77	12.87	33.3	20.43	428.571	2.587412587	162.162	0.979020979	347698.355
PR14S	20140922	91.4	73.4	12.83	32.4	19.57	415.692	2.525331255	230.94	1.402961808	488295.841
PR14S	20140923	78.8	77	12.82	27.9	15.08	357.678	2.176287051	23.076	0.140405616	46090.98706
PR14S	20140924	78.8	75.2	12.82	27	14.18	346.14	2.106084243	46.152	0.280811232	91116.97056
PR14S	20140925	89.6	73.4	12.8	31.5	18.7	403.2	2.4609375	207.36	1.265625	432635.904
PR14S	20140926	89.6	71.6	12.78	30.6	17.82	391.068	2.394366197	230.04	1.408450704	473913.6854
PR14S	20140927	89.6	75.2	12.77	32.4	19.63	413.748	2.537196554	183.888	1.127642913	386991.5604
PR14S	20140928	87.8	77	12.73	32.4	19.67	412.452	2.545168892	137.484	0.848389631	288428.2335
PR14S	20140929	89.6	75.2	12.72	32.4	19.68	412.128	2.547169811	183.168	1.132075472	383967.019
PR14S	20140930	77	75.2	12.72	26.1	13.38	331.992	2.051886792	22.896	0.141509434	44326.28966
PR14S	20141001	87.8	77	12.7	32.4	19.7	411.48	2.551181102	137.16	0.850393701	287070.3936
PR14S	20141002	91.4	77	12.68	34.2	21.52	433.656	2.697160883	182.592	1.135646688	389890.8887
PR14S	20141003	78.8	75.2	12.67	27	14.33	342.09	2.131018153	45.612	0.284135754	88997.22216
PR14S	20141004	91.4	71.6	12.63	31.5	18.87	397.845	2.494061758	250.074	1.567695962	514824.8431
