env_code	date	TMAX	TMIN	DL	GDD	DTR	PTT	PTR	PTD1	PTD2	PTS
TS_07	2007-05-14	70.7	60.26	14.019	15.48	10.44	217.0141	1.1042	146.3584	0.7447	268703.4463
TS_07	2007-05-15	71.78	57.11	14.047	14.445	14.67	202.9089	1.0283	206.0695	1.0444	373092.4859
TS_07	2007-05-16	73.4	53.96	14.073	13.68	19.44	192.5186	0.9721	273.5791	1.3814	490346.0558
TS_07	2007-05-17	74.39	59.72	14.1	17.055	14.67	240.4755	1.2096	206.847	1.0404	391137.5415
TS_07	2007-05-18	75.38	59.63	14.126	17.505	15.75	247.2756	1.2392	222.4845	1.115	424311.5945
TS_07	2007-05-19	73.04	58.01	14.151	15.525	15.03	219.6943	1.0971	212.6895	1.0621	394430.2981
TS_07	2007-05-20	76.91	58.01	14.176	17.46	18.9	247.513	1.2317	267.9264	1.3332	512442.9773
TS_07	2007-05-21	72.59	56.39	14.2	14.49	16.2	205.758	1.0204	230.04	1.1408	421321.9406
TS_07	2007-05-22	76.01	62.69	14.224	19.35	13.32	275.2344	1.3604	189.4637	0.9364	373786.983
TS_07	2007-05-23	80.87	64.4	14.247	22.635	16.47	322.4808	1.5888	234.6481	1.156	485642.1625
TS_07	2007-05-24	80.87	66.2	14.269	23.535	14.67	335.8209	1.6494	209.3262	1.0281	439279.8498
TS_07	2007-05-25	81.725	65.03	14.291	23.3775	16.695	334.0879	1.6358	238.5882	1.1682	500385.3297
TS_07	2007-05-26	82.58	63.86	14.313	23.22	18.72	332.3479	1.6223	267.9394	1.3079	561599.7518
TS_07	2007-05-27	82.94	59.18	14.333	21.06	23.76	301.853	1.4693	340.5521	1.6577	693706.6167
TS_07	2007-05-28	67.46	59.18	14.353	13.32	8.27999999999999	191.182	0.928	118.8428	0.5769	216016.3424
TS_07	2007-05-29	72.05	54.5	14.372	13.275	17.55	190.7883	0.9237	252.2286	1.2211	458747.4755
TS_07	2007-05-30	70.79	57.02	14.391	13.905	13.77	200.1069	0.9662	198.1641	0.9568	364485.8908
TS_07	2007-05-31	74.12	57.02	14.409	15.57	17.1	224.3481	1.0806	246.3939	1.1868	465584.9919
TS_07	2007-06-01	71.24	59.54	14.426	15.39	11.7	222.0161	1.0668	168.7842	0.811	318433.7201
TS_07	2007-06-02	76.19	60.8	14.443	18.495	15.39	267.1233	1.2806	222.2778	1.0656	439786.9194
TS_07	2007-06-03	76.37	65.66	14.459	21.015	10.71	303.8559	1.4534	154.8559	0.7407	318013.8784
TS_07	2007-06-04	77.99	66.02	14.474	22.005	11.97	318.5004	1.5203	173.2538	0.827	361130.3072
TS_07	2007-06-05	76.55	64.13	14.488	20.34	12.42	294.6859	1.4039	179.941	0.8573	366750.5975
TS_07	2007-06-06	79.16	66.02	14.502	22.59	13.14	327.6002	1.5577	190.5563	0.9061	401197.2605
TS_07	2007-06-07	77.99	68.18	14.514	23.085	9.80999999999999	335.0557	1.5905	142.3823	0.6759	302065.7546
TS_07	2007-06-08	79.07	65.84	14.526	22.455	13.23	326.1813	1.5458	192.179	0.9108	404529.5769
TS_07	2007-06-09	77.99	64.67	14.538	21.33	13.32	310.0955	1.4672	193.6462	0.9162	401620.4085
TS_07	2007-06-10	73.94	64.67	14.548	19.305	9.27	280.8491	1.327	134.86	0.6372	271944.8774
TS_07	2007-06-11	76.64	63.5	14.558	20.07	13.14	292.1791	1.3786	191.2921	0.9026	390266.1719
TS_07	2007-06-12	81.59	65.12	14.566	23.355	16.47	340.1889	1.6034	239.902	1.1307	512665.3053
TS_07	2007-06-13	82.22	68.63	14.574	25.425	13.59	370.5439	1.7445	198.0607	0.9325	435433.9645
TS_07	2007-06-14	77.36	66.245	14.582	21.8025	11.115	317.9241	1.4952	162.0789	0.7622	339401.077
TS_07	2007-06-15	86.99	63.86	14.588	25.425	23.13	370.8999	1.7429	337.4204	1.5855	742527.3528
TS_07	2007-06-16	88.34	63.77	14.593	26.055	24.57	380.2206	1.7854	358.55	1.6837	795888.2402
TS_07	2007-06-17	80.69	63.68	14.598	22.185	17.01	323.8566	1.5197	248.312	1.1652	523320.7905
TS_07	2007-06-18	80.96	69.26	14.602	25.11	11.7	366.6562	1.7196	170.8434	0.8013	374747.1232
TS_07	2007-06-19	86.81	71.24	14.605	29.025	15.57	423.9101	1.9873	227.3999	1.0661	524911.6786
TS_07	2007-06-20	83.12	72.41	14.607	27.765	10.71	405.5634	1.9008	156.441	0.7332	355406.7742
TS_07	2007-06-21	84.02	73.94	14.608	28.98	10.08	423.3398	1.9838	147.2486	0.69	339773.2447
TS_07	2007-06-22	78.44	72.005	14.609	25.2225	6.435	368.4755	1.7265	94.0089	0.4405	206617.5883
TS_07	2007-06-23	87.17	70.07	14.608	28.62	17.1	418.081	1.9592	249.7968	1.1706	573773.7373
TS_07	2007-06-24	78.17	68.09	14.607	23.13	10.08	337.8599	1.5835	147.2386	0.6901	314563.3779
TS_07	2007-06-25	73.94	66.11	14.605	20.025	7.83	292.4651	1.3711	114.3571	0.5361	233909.5739
TS_07	2007-06-26	81.005	69.17	14.602	25.0875	11.835	366.3277	1.7181	172.8147	0.8105	378957.5737
TS_07	2007-06-27	88.07	71.78	14.598	29.925	16.29	436.8452	2.0499	237.8014	1.1159	554907.3069
TS_07	2007-06-28	86.72	72.5	14.593	29.61	14.22	432.0987	2.0291	207.5125	0.9744	482154.6737
TS_07	2007-06-29	86.63	77	14.588	31.815	9.63	464.1172	2.1809	140.4824	0.6601	335336.4225
TS_07	2007-06-30	84.65	72.41	14.582	28.53	12.24	416.0245	1.9565	178.4837	0.8394	408772.0554
TS_07	2007-07-01	81.77	67.82	14.574	24.795	13.95	361.3623	1.7013	203.3073	0.9572	443235.2583
TS_07	2007-07-02	77.45	72.68	14.566	25.065	4.77	365.0968	1.7208	69.4798	0.3275	151938.0243
TS_07	2007-07-03	80.06	70.16	14.558	25.11	9.90000000000001	365.5514	1.7248	144.1242	0.68	315185.6108
TS_07	2007-07-04	83.21	70.16	14.548	26.685	13.05	388.2134	1.8343	189.8514	0.897	423601.5241
TS_07	2007-07-05	86.36	67.64	14.538	27	18.72	392.526	1.8572	272.1514	1.2877	609306.6166
TS_07	2007-07-06	85.91	70.16	14.527	28.035	15.75	407.2644	1.9299	228.8002	1.0842	518742.5368
TS_07	2007-07-07	77.54	69.575	14.515	23.5575	7.96500000000002	341.9371	1.623	115.612	0.5487	246874.8315
TS_07	2007-07-08	79.88	69.575	14.502	24.7275	10.305	358.5982	1.7051	149.4431	0.7106	323902.4601
TS_07	2007-07-09	81.77	68.99	14.488	25.38	12.78	367.7054	1.7518	185.1566	0.8821	404421.1476
TS_07	2007-07-10	77.9	71.33	14.474	24.615	6.57000000000001	356.2775	1.7006	95.0942	0.4539	205399.1515
TS_07	2007-07-11	80.42	72.14	14.459	26.28	8.28	379.9825	1.8176	119.7205	0.5727	264087.3096
TS_07	2007-07-12	80.51	72.86	14.444	26.685	7.65000000000001	385.4381	1.8475	110.4966	0.5296	244780.497
TS_07	2007-07-13	79.43	71.6	14.427	25.515	7.83000000000001	368.1049	1.7686	112.9634	0.5427	246137.0822
TS_07	2007-07-14	80.285	70.34	14.41	25.3125	9.94499999999999	364.7531	1.7566	143.3074	0.6901	311049.7159
TS_07	2007-07-15	81.14	69.62	14.392	25.38	11.52	365.269	1.7635	165.7958	0.8004	359733.521
TS_07	2007-07-16	84.47	67.19	14.374	25.83	17.28	371.2804	1.797	248.3827	1.2022	541464.6029
TS_07	2007-07-17	69.53	67.19	14.355	18.36	2.34	263.5578	1.279	33.5907	0.163	65925.6318
TS_07	2007-07-18	72.86	64.76	14.335	18.81	8.09999999999999	269.6413	1.3122	116.1135	0.5651	229066.704
TS_07	2007-07-19	77.18	67.28	14.314	22.23	9.90000000000001	318.2002	1.553	141.7086	0.6916	293025.1054
TS_07	2007-07-20	83.3	67.82	14.293	25.56	15.48	365.3291	1.7883	221.2556	1.083	477902.9251
TS_07	2007-07-21	81.05	70.07	14.272	25.56	10.98	364.7923	1.7909	156.7066	0.7693	337982.3016
TS_07	2007-07-22	81.86	72.32	14.249	27.09	9.54000000000001	386.0054	1.9012	135.9355	0.6695	298638.0829
TS_07	2007-07-23	79.43	71.915	14.226	25.6725	7.51500000000001	365.217	1.8046	106.9084	0.5283	230177.3953
TS_07	2007-07-24	88.61	71.915	14.203	30.2625	16.695	429.8183	2.1307	237.1191	1.1755	540616.4745
TS_07	2007-07-25	86.72	71.51	14.179	29.115	15.21	412.8216	2.0534	215.6626	1.0727	483848.3308
TS_07	2007-07-26	88.34	76.28	14.154	32.31	12.06	457.3157	2.2827	170.6972	0.8521	397729.9427
TS_07	2007-07-27	90.86	76.19	14.129	33.525	14.67	473.6747	2.3728	207.2724	1.0383	489214.6389
TS_07	2007-07-28	89.15	76.1	14.104	32.625	13.05	460.143	2.3132	184.0572	0.9253	428979.5392
TS_07	2007-07-29	89.69	71.825	14.078	30.7575	17.865	433.0041	2.1848	251.5035	1.269	571870.6449
TS_07	2007-07-30	75.02	71.825	14.051	23.4225	3.19500000000001	329.1095	1.667	44.8929	0.2274	92628.4706
TS_07	2007-07-31	81.41	67.55	14.024	24.48	13.86	343.3075	1.7456	194.3726	0.9883	406047.3683
TS_07	2007-08-01	89.6	72.41	13.997	31.005	17.19	433.977	2.2151	240.6084	1.2281	545616.6615
TS_08E	2008-03-31	52.52	43.34	12.549	1.26	9.18	15.8117	0.1004	115.1998	0.7315	138579.294
TS_08E	2008-04-01	62.15	43.34	12.587	6.075	18.81	76.466	0.4826	236.7615	1.4944	314372.5025
TS_08E	2008-04-02	61.16	46.4	12.625	5.58	14.76	70.4475	0.442	186.345	1.1691	253046.261
TS_08E	2008-04-03	65.3	48.11	12.662	7.65	17.19	96.8643	0.6042	217.6598	1.3576	312558.8825
TS_08E	2008-04-04	64.76	50.72	12.7	7.74	14.04	98.298	0.6094	178.308	1.1055	261505.7996
TS_08E	2008-04-05	66.74	47.48	12.737	8.37	19.26	106.6087	0.6571	245.3146	1.5121	356888.6498
TS_08E	2008-04-06	66.83	48.83	12.775	8.415	18	107.5016	0.6587	229.95	1.409	339764.1172
TS_08E	2008-04-07	60.62	49.19	12.812	5.31	11.43	68.0317	0.4145	146.4412	0.8921	206025.9768
TS_08E	2008-04-08	54.68	48.83	12.849	2.34	5.85	30.0667	0.1821	75.1667	0.4553	99971.6437
TS_08E	2008-04-09	60.71	48.83	12.886	5.355	11.88	69.0045	0.4156	153.0857	0.9219	216085.4034
TS_08E	2008-04-10	51.62	48.47	12.923	0.81	3.15	10.4676	0.0627	40.7074	0.2438	52653.5832
TS_08E	2008-04-11	67.46	49.01	12.96	8.73	18.45	113.1408	0.6736	239.112	1.4236	360927.8953
TS_08E	2008-04-12	68.63	48.38	12.997	9.315	20.25	121.0671	0.7167	263.1892	1.5581	400252.6765
TS_08E	2008-04-13	52.7	48.425	13.033	1.35	4.27500000000001	17.5946	0.1036	55.7161	0.328	73431.6766
TS_08E	2008-04-14	61.88	48.47	13.07	5.94	13.41	77.6358	0.4545	175.2687	1.026	252785.5767
TS_08E	2008-04-15	68.63	51.62	13.106	10.125	17.01	132.6983	0.7725	222.9331	1.2979	351341.7223
TS_08E	2008-04-16	69.08	55.13	13.142	12.105	13.95	159.0839	0.9211	183.3309	1.0615	299263.4616
TS_08E	2008-04-17	67.91	53.96	13.178	10.935	13.95	144.1014	0.8298	183.8331	1.0586	295236.4844
TS_08E	2008-04-18	59.54	53.96	13.214	6.75	5.58	89.1945	0.5108	73.7341	0.4223	110585.6221
TS_08E	2008-04-19	61.79	52.79	13.249	7.29	9	96.5852	0.5502	119.241	0.6793	181016.235
TS_08E	2008-04-20	62.33	57.02	13.285	9.675	5.31	128.5324	0.7283	70.5433	0.3997	111851.0491
TS_08E	2008-04-21	66.2	54.455	13.32	10.3275	11.745	137.5623	0.7753	156.4434	0.8818	251424.0366
TS_08E	2008-04-22	69.71	51.89	13.355	10.8	17.82	144.234	0.8087	237.9861	1.3343	386481.8108
TS_08E	2008-04-23	71.33	52.34	13.389	11.835	18.99	158.4588	0.8839	254.2571	1.4183	421003.4053
TS_08E	2008-04-24	68	51.71	13.424	9.855	16.29	132.2935	0.7341	218.677	1.2135	351411.0407
TS_08E	2008-04-25	64.4	51.71	13.458	8.055	12.69	108.4042	0.5985	170.782	0.9429	266865.4156
TS_08E	2008-04-26	61.52	51.08	13.492	6.3	10.44	84.9996	0.4669	140.8565	0.7738	213989.0517
TS_08E	2008-04-27	65.12	51.71	13.526	8.415	13.41	113.8213	0.6221	181.3837	0.9914	286630.1828
TS_08E	2008-04-28	66.47	54.5	13.559	10.485	11.97	142.1661	0.7733	162.3012	0.8828	266211.7084
TS_08E	2008-04-29	71.69	54.5	13.592	13.095	17.19	177.9872	0.9634	233.6465	1.2647	400744.4798
TS_08E	2008-04-30	77.9	58.73	13.625	18.315	19.17	249.5419	1.3442	261.1913	1.407	486229.3866
TS_08E	2008-05-01	74.93	62.96	13.657	18.945	11.97	258.7319	1.3872	163.4743	0.8765	307848.8537
TS_08E	2008-05-02	70.97	62.96	13.69	16.965	8.01	232.2508	1.2392	109.6569	0.5851	201056.1126
TS_08E	2008-05-03	69.17	61.61	13.722	15.39	7.56	211.1816	1.1216	103.7383	0.5509	186164.9674
TS_08E	2008-05-04	69.08	61.61	13.753	15.345	7.47	211.0398	1.1158	102.7349	0.5432	184653.6284
TS_08E	2008-05-05	69.53	60.26	13.784	14.895	9.27	205.3127	1.0806	127.7777	0.6725	228597.51
TS_08E	2008-05-06	77.81	61.52	13.815	19.665	16.29	271.672	1.4235	225.0463	1.1792	433179.1053
TS_08E	2008-05-07	77.72	59.72	13.845	18.72	18	259.1784	1.3521	249.21	1.3001	474210.9431
TS_08E	2008-05-08	74.3	61.52	13.875	17.91	12.78	248.5012	1.2908	177.3225	0.9211	334164.6946
TS_08E	2008-05-09	74.39	55.445	13.905	14.9175	18.945	207.4278	1.0728	263.4302	1.3625	475585.2517
TS_08E	2008-05-10	60.17	55.445	13.934	7.8075	4.725	108.7897	0.5603	65.8382	0.3391	106063.904
TS_08E	2008-05-11	57.11	49.37	13.963	3.555	7.74	49.6385	0.2546	108.0736	0.5543	160681.7227
TS_08E	2008-05-12	58.55	49.145	13.991	4.275	9.405	59.8115	0.3056	131.5854	0.6722	198267.6475
TS_08E	2008-05-13	55.13	48.92	14.019	2.565	6.21	35.9587	0.183	87.058	0.443	126989.4833
TS_08E	2008-05-14	63.14	51.62	14.047	7.38	11.52	103.6669	0.5254	161.8214	0.8201	260861.6179
TS_08E	2008-05-15	71.15	53.33	14.073	12.24	17.82	172.2535	0.8698	250.7809	1.2663	439319.676
TS_08E	2008-05-16	72.95	56.93	14.1	14.94	16.02	210.654	1.0596	225.882	1.1362	413659.5137
TS_08E	2008-05-17	73.94	57.83	14.126	15.885	16.11	224.3915	1.1245	227.5699	1.1405	423594.6733
TS_08E	2008-05-18	73.76	58.82	14.151	16.29	14.94	230.5198	1.1512	211.4159	1.0558	396645.8129
TS_08E	2008-05-19	75.74	59.45	14.176	17.595	16.29	249.4267	1.2412	230.927	1.1491	442560.9202
TS_08E	2008-05-20	74.84	59.54	14.2	17.19	15.3	244.098	1.2106	217.26	1.0775	414574.663
TS_08E	2008-05-21	75.47	59.63	14.224	17.55	15.84	249.6312	1.2338	225.3082	1.1136	432966.2195
TS_08E	2008-05-22	79.43	62.6	14.247	21.015	16.83	299.4007	1.475	239.777	1.1813	485189.1178
TS_08E	2008-05-23	84.38	67.73	14.269	26.055	16.65	371.7788	1.826	237.5788	1.1669	515654.8182
TS_08E	2008-05-24	77.72	66.785	14.291	22.2525	10.935	318.0105	1.5571	156.2721	0.7652	322720.7574
TS_08E	2008-05-25	73.4	65.84	14.313	19.62	7.56	280.8211	1.3708	108.2063	0.5282	215648.8531
TS_08E	2008-05-26	80.96	66.11	14.333	23.535	14.85	337.3272	1.642	212.845	1.0361	448667.6405
TS_08E	2008-05-27	82.67	66.38	14.353	24.525	16.29	352.0073	1.7087	233.8104	1.135	500193.9499
TS_08E	2008-05-28	78.08	60.53	14.372	19.305	17.55	277.4515	1.3432	252.2286	1.2211	502465.3306
TS_08E	2008-05-29	63.14	60.53	14.391	11.835	2.61	170.3175	0.8224	37.5605	0.1814	66847.7531
TS_08E	2008-05-30	62.78	60.53	14.409	11.655	2.25	167.9369	0.8089	32.4203	0.1562	57603.4505
TS_08E	2008-05-31	68.675	54.68	14.426	11.6775	13.995	168.4596	0.8095	201.8919	0.9701	359270.465
TS_08E	2008-06-01	74.57	55.94	14.443	15.255	18.63	220.328	1.0562	269.0731	1.2899	507190.9166
TS_08E	2008-06-02	71.06	57.155	14.459	14.1075	13.905	203.9803	0.9757	201.0524	0.9617	372723.1307
TS_08E	2008-06-03	71.915	57.155	14.474	14.535	14.76	210.3796	1.0042	213.6362	1.0198	399106.5029
TS_08E	2008-06-04	72.77	58.37	14.488	15.57	14.4	225.5782	1.0747	208.6272	0.9939	396382.5672
TS_08E	2008-06-05	71.78	60.62	14.502	16.2	11.16	234.9324	1.1171	161.8423	0.7695	310747.7418
TS_08E	2008-06-06	79.97	65.84	14.514	22.905	14.13	332.4432	1.5781	205.0828	0.9735	434013.9705
TS_08E	2008-06-07	79.07	66.38	14.526	22.725	12.69	330.1034	1.5644	184.3349	0.8736	389464.0963
TS_08E	2008-06-08	74.21	66.92	14.538	20.565	7.28999999999999	298.974	1.4146	105.982	0.5014	217448.3912
TS_08E	2008-06-09	72.41	65.615	14.548	19.0125	6.79499999999999	276.5938	1.3069	98.8537	0.4671	198496.9334
TS_08E	2008-06-10	79.7	64.31	14.558	22.005	15.39	320.3488	1.5115	224.0476	1.0572	469715.2931
TS_08E	2008-06-11	78.44	61.52	14.566	19.98	16.92	291.0287	1.3717	246.4567	1.1616	502440.8061
TS_08E	2008-06-12	79.295	61.52	14.574	20.4075	17.775	297.4189	1.4003	259.0529	1.2196	531638.0536
TS_08E	2008-06-13	80.15	58.73	14.582	19.44	21.42	283.4741	1.3332	312.3464	1.4689	632547.8182
TS_08E	2008-06-14	84.2	61.7	14.588	22.95	22.5	334.7946	1.5732	328.23	1.5424	698601.1871
TS_08E	2008-06-15	75.92	64.67	14.593	20.295	11.25	296.1649	1.3907	164.1712	0.7709	336818.6403
TS_08E	2008-06-16	80.15	67.1	14.598	23.625	13.05	344.8777	1.6184	190.5039	0.894	409498.706
TS_08E	2008-06-17	77.99	66.425	14.602	22.2075	11.565	324.2739	1.5209	168.8721	0.792	356108.7377
TS_08E	2008-06-18	78.8	65.75	14.605	22.275	13.05	325.3264	1.5252	190.5952	0.8935	402375.6862
TS_08L	2008-06-23	77.36	64.04	14.607	20.7	13.32	302.3649	1.4171	194.5652	0.9119	401860.8447
TS_08L	2008-06-24	80.6	66.29	14.605	23.445	14.31	342.4142	1.6053	208.9975	0.9798	448368.39
TS_08L	2008-06-25	78.17	63.635	14.602	20.9025	14.535	305.2183	1.4315	212.2401	0.9954	439472.0591
TS_08L	2008-06-26	77.18	60.98	14.598	19.08	16.2	278.5298	1.307	236.4876	1.1097	476962.3053
TS_08L	2008-06-27	76.19	62.24	14.593	19.215	13.95	280.4045	1.3167	203.5723	0.9559	411238.3344
TS_08L	2008-06-28	78.17	63.41	14.588	20.79	14.76	303.2845	1.4251	215.3189	1.0118	444712.9485
TS_08L	2008-06-29	73.58	63.41	14.582	18.495	10.17	269.6941	1.2683	148.2989	0.6974	296240.2097
TS_08L	2008-06-30	77.54	63.41	14.574	20.475	14.13	298.4026	1.4049	205.9306	0.9695	423023.771
TS_08L	2008-07-01	77.81	64.58	14.566	21.195	13.23	308.7264	1.4551	192.7082	0.9083	399686.9287
TS_08L	2008-07-02	79.43	69.35	14.558	24.39	10.08	355.0696	1.6754	146.7446	0.6924	317839.974
TS_08L	2008-07-03	81.59	71.15	14.548	26.37	10.44	383.6308	1.8126	151.8811	0.7176	337489.1924
TS_08L	2008-07-04	86.81	73.58	14.538	30.195	13.23	438.9749	2.077	192.3377	0.91	448483.4906
TS_08L	2008-07-05	87.08	75.38	14.527	31.23	11.7	453.6782	2.1498	169.9659	0.8054	401129.1135
TS_08L	2008-07-06	86.27	73.85	14.515	30.06	12.42	436.3209	2.071	180.2763	0.8557	418987.6844
TS_08L	2008-07-07	79.52	72.32	14.502	25.92	7.2	375.8918	1.7873	104.4144	0.4965	229918.8048
TS_08L	2008-07-08	78.08	71.51	14.488	24.795	6.57000000000001	359.23	1.7114	95.1862	0.4535	206293.1495
TS_08L	2008-07-09	79.97	71.51	14.474	25.74	8.46000000000001	372.5608	1.7784	122.45	0.5845	268474.3478
TS_08L	2008-07-10	81.59	70.7	14.459	26.145	10.89	378.0306	1.8082	157.4585	0.7532	346717.5155
TS_08L	2008-07-11	84.29	73.49	14.444	28.89	10.8	417.2872	2.0001	155.9952	0.7477	355509.0548
TS_08L	2008-07-12	92.39	75.38	14.427	33.885	17.01	488.8589	2.3487	245.4033	1.179	593978.4404
TS_08L	2008-07-13	90.68	75.29	14.41	32.985	15.39	475.3139	2.289	221.7699	1.068	530391.0359
TS_08L	2008-07-14	90.59	77.63	14.392	34.11	12.96	490.9111	2.3701	186.5203	0.9005	451569.8429
TS_08L	2008-07-15	88.34	75.83	14.374	32.085	12.51	461.1898	2.2322	179.8187	0.8703	424332.5908
TS_08L	2008-07-16	88.97	74.03	14.355	31.5	14.94	452.1825	2.1944	214.4637	1.0408	501816.1054
TS_08L	2008-07-17	87.98	77.18	14.335	32.58	10.8	467.0343	2.2728	154.818	0.7534	366542.2355
TS_08L	2008-07-18	88.79	75.56	14.314	32.175	13.23	460.5529	2.2478	189.3742	0.9243	445503.9699
TS_08L	2008-07-19	92.12	75.56	14.293	33.84	16.56	483.6751	2.3676	236.6921	1.1586	567268.1303
TS_08L	2008-07-20	89.69	73.94	14.272	31.815	15.75	454.0637	2.2292	224.784	1.1036	524944.2253
TS_08L	2008-07-21	86.9	74.75	14.249	30.825	12.15	439.2254	2.1633	173.1254	0.8527	398768.4221
TS_08L	2008-07-22	90.77	77	14.226	33.885	13.77	482.048	2.3819	195.892	0.9679	467534.7045
TS_08L	2008-07-23	92.03	79.34	14.203	35.685	12.69	506.8341	2.5125	180.2361	0.8935	438688.8467
TS_08L	2008-07-24	90.59	79.88	14.179	35.235	10.71	499.5971	2.485	151.8571	0.7553	367052.8808
TS_08L	2008-07-25	92.84	78.08	14.154	35.46	14.76	501.9008	2.5053	208.913	1.0428	505402.7773
TS_08L	2008-07-26	88.25	76.28	14.129	32.265	11.97	455.8722	2.2836	169.1241	0.8472	393153.4566
TS_08L	2008-07-27	91.85	77	14.104	34.425	14.85	485.5302	2.4408	209.4444	1.0529	498783.5446
TS_08L	2008-07-28	93.11	75.65	14.078	34.38	17.46	484.0016	2.4421	245.8019	1.2402	583976.9127
TS_08L	2008-07-29	91.04	74.075	14.051	32.5575	16.965	457.4654	2.3171	238.3752	1.2074	553037.8563
TS_08L	2008-07-30	88.52	74.075	14.024	31.2975	14.445	438.9161	2.2317	202.5767	1.03	461921.8849
TS_08L	2008-07-31	87.44	72.5	13.997	29.97	14.94	419.4901	2.1412	209.1152	1.0674	468142.0088
TS_08L	2008-08-01	88.34	74.84	13.969	31.59	13.5	441.2807	2.2614	188.5815	0.9664	429864.2538
TS_08L	2008-08-02	88.52	77.81	13.94	33.165	10.71	462.3201	2.3791	149.2974	0.7683	346166.9534
TS_08L	2008-08-03	92.03	80.69	13.911	36.36	11.34	505.804	2.6138	157.7507	0.8152	379028.9524
TS_08L	2008-08-04	94.82	81.86	13.882	38.34	12.96	532.2359	2.7618	179.9107	0.9336	441261.9423
TS_08L	2008-08-05	87.08	80.06	13.853	33.57	7.02	465.0452	2.4233	97.2481	0.5067	225167.2265
TS_08L	2008-08-06	94.01	78.26	13.823	36.135	15.75	499.4941	2.6141	217.7123	1.1394	518435.6141
TS_08L	2008-08-07	92.48	81.14	13.792	36.81	11.34	507.6835	2.6689	156.4013	0.8222	374513.3501
TS_08L	2008-08-08	95	81.59	13.761	38.295	13.41	526.9775	2.7829	184.535	0.9745	448430.2219
TS_08L	2008-08-09	91.76	78.575	13.73	35.1675	13.185	482.8498	2.5614	181.0301	0.9603	423374.8965
TS_08L	2008-08-10	85.01	75.56	13.699	30.285	9.45	414.8742	2.2107	129.4556	0.6898	284756.6973
TS_08L	2008-08-11	90.14	75.38	13.667	32.76	14.76	447.7309	2.397	201.7249	1.08	456334.4162
TS_08L	2008-08-12	91.49	77.36	13.635	34.425	14.13	469.3849	2.5248	192.6625	1.0363	443561.1608
TS_08L	2008-08-13	90.05	79.7	13.603	34.875	10.35	474.4046	2.5638	140.791	0.7609	325101.9159
TS_08L	2008-08-14	93.56	81.32	13.57	37.44	12.24	508.0608	2.759	166.0968	0.902	394167.9038
TS_08L	2008-08-15	94.64	82.13	13.537	38.385	12.51	519.6177	2.8356	169.3479	0.9241	405238.5283
TS_08L	2008-08-16	93.92	75.875	13.504	34.8975	18.045	471.2558	2.5842	243.6797	1.3363	558735.9845
TS_08L	2008-08-17	89.78	75.875	13.471	32.8275	13.905	442.2193	2.4369	187.3143	1.0322	417998.9726
TS_08L	2008-08-18	85.64	69.62	13.437	27.63	16.02	371.2643	2.0563	215.2607	1.1922	449083.1166
TS_08L	2008-08-19	93.2	75.92	13.403	34.56	17.28	463.2077	2.5785	231.6038	1.2893	524979.9816
TS_08L	2008-08-20	90.86	71.69	13.369	31.275	19.17	418.1155	2.3394	256.2837	1.4339	556938.1056
TS_08L	2008-08-21	88.34	71.69	13.334	30.015	16.65	400.22	2.251	222.0111	1.2487	473736.1701
TS_08L	2008-08-22	78.35	67.46	13.3	22.905	10.89	304.6365	1.7222	144.837	0.8188	280878.4835
TS_08L	2008-08-23	74.84	68.36	13.265	21.6	6.48	286.524	1.6283	85.9572	0.4885	163279.8273
TS_08L	2008-08-24	78.8	68.9	13.23	23.85	9.89999999999999	315.5355	1.8027	130.977	0.7483	255938.3574
TS_08L	2008-08-25	79.25	68.945	13.195	24.0975	10.305	317.9665	1.8263	135.9745	0.781	265888.979
TS_08L	2008-08-26	76.55	68.945	13.159	22.7475	7.605	299.3344	1.7287	100.0742	0.5779	191598.9219
TS_08L	2008-08-27	84.74	68.99	13.124	26.865	15.75	352.5763	2.047	206.703	1.2001	417034.1585
TS_08L	2008-08-28	86.18	72.59	13.088	29.385	13.59	384.5909	2.2452	177.8659	1.0384	369602.1375
TS_08L	2008-08-29	86.72	74.12	13.052	30.42	12.6	397.0418	2.3307	164.4552	0.9654	345238.1175
TS_08L	2008-08-30	85.1	73.58	13.016	29.34	11.52	381.8894	2.2541	149.9443	0.8851	309691.8317
TS_08L	2008-08-31	86.09	73.04	12.98	29.565	13.05	383.7537	2.2777	169.389	1.0054	349874.233
TS_08L	2008-09-01	86.45	74.75	12.944	30.6	11.7	396.0864	2.364	151.4448	0.9039	316000.6004
TS_08L	2008-09-02	88.43	77.54	12.908	32.985	10.89	425.7704	2.5554	140.5681	0.8437	301144.813
TS_08L	2008-09-03	88.79	79.7	12.871	34.245	9.09	440.7674	2.6606	116.9974	0.7062	253724.6103
TS_08L	2008-09-04	86.54	76.865	12.834	31.7025	9.675	406.8699	2.4702	124.1689	0.7539	260399.6432
TS_08L	2008-09-05	85.19	74.03	12.798	29.61	11.16	378.9488	2.3136	142.8257	0.872	291035.5396
TS_08L	2008-09-06	87.62	75.11	12.761	31.365	12.51	400.2488	2.4579	159.6401	0.9803	331508.2581
TS_08L	2008-09-07	88.34	75.11	12.724	31.725	13.23	403.6689	2.4933	168.3385	1.0398	350099.9832
TS_08L	2008-09-08	89.15	75.11	12.687	32.13	14.04	407.6333	2.5325	178.1255	1.1066	371207.5545
TS_08L	2008-09-09	86.36	75.11	12.65	30.735	11.25	388.7978	2.4296	142.3125	0.8893	290686.8721
TS_08L	2008-09-10	83.66	75.11	12.613	29.385	8.55	370.633	2.3297	107.8411	0.6779	215959.0215
TS_09	2009-04-28	63.68	48.47	13.526	6.84	15.21	92.5178	0.5057	205.7305	1.1245	312080.9491
TS_09	2009-04-29	69.17	48.56	13.559	9.585	20.61	129.963	0.7069	279.451	1.52	446087.9143
TS_09	2009-04-30	71.96	53.33	13.592	12.645	18.63	171.8708	0.9303	253.219	1.3707	431217.1212
TS_09	2009-05-01	74.21	58.91	13.625	16.56	15.3	225.63	1.2154	208.4625	1.1229	378100.944
TS_09	2009-05-02	75.83	60.08	13.657	17.955	15.75	245.2114	1.3147	215.0977	1.1533	399247.8531
TS_09	2009-05-03	73.31	62.33	13.69	17.82	10.98	243.9558	1.3017	150.3162	0.802	279123.8954
TS_09	2009-05-04	73.94	60.485	13.722	17.2125	13.455	236.1899	1.2544	184.6295	0.9805	340563.8739
TS_09	2009-05-05	67.19	60.485	13.753	13.8375	6.705	190.3071	1.0061	92.2139	0.4875	161919.6419
TS_09	2009-05-06	66.29	58.64	13.784	12.465	7.65000000000001	171.8176	0.9043	105.4476	0.555	181584.4705
TS_09	2009-05-07	67.64	59	13.815	13.32	8.64	184.0158	0.9642	119.3616	0.6254	208826.891
TS_09	2009-05-08	69.08	59.63	13.845	14.355	9.45	198.745	1.0368	130.8352	0.6826	233147.1006
TS_09	2009-05-09	78.08	61.07	13.875	19.575	17.01	271.6031	1.4108	236.0137	1.2259	455673.2222
TS_09	2009-05-10	80.06	63.14	13.905	21.6	16.92	300.348	1.5534	235.2726	1.2168	468473.86
TS_09	2009-05-11	76.01	63.5	13.934	19.755	12.51	275.2662	1.4178	174.3143	0.8978	338855.2829
TS_09	2009-05-12	76.19	67.1	13.963	21.645	9.09	302.2291	1.5502	126.9237	0.651	253943.5824
TS_09	2009-05-13	78.44	60.44	13.991	19.44	18	271.985	1.3895	251.838	1.2865	489338.8828
TS_09	2009-05-14	73.58	60.44	14.019	17.01	13.14	238.4632	1.2134	184.2097	0.9373	346097.9687
TS_09	2009-05-15	68.27	53.78	14.047	11.025	14.49	154.8682	0.7849	203.541	1.0315	348958.1405
TS_09	2009-05-16	67.37	59	14.073	13.185	8.37	185.5525	0.9369	117.791	0.5948	209480.1223
TS_09	2009-05-17	75.83	61.43	14.1	18.63	14.4	262.683	1.3213	203.04	1.0213	392956.7126
TS_09	2009-05-18	84.29	62.825	14.126	23.5575	21.465	332.7732	1.6677	303.2146	1.5195	630124.3359
TS_09	2009-05-19	75.47	64.22	14.151	19.845	11.25	280.8266	1.4024	159.1987	0.795	314696.6369
TS_09	2009-05-20	84.92	64.22	14.176	24.57	20.7	348.3043	1.7332	293.4432	1.4602	620400.1488
TS_09	2009-05-21	81.41	64.76	14.2	23.085	16.65	327.807	1.6257	236.43	1.1725	490737.418
TS_09	2009-05-22	76.82	68.54	14.224	22.68	8.27999999999999	322.6003	1.5945	117.7747	0.5821	243511.0864
TS_09	2009-05-23	82.4	64.625	14.247	23.5125	17.775	334.9826	1.6503	253.2404	1.2476	530453.8991
TS_09	2009-05-24	68.45	64.625	14.269	16.5375	3.825	235.9736	1.159	54.5789	0.2681	103637.0376
TS_09	2009-05-25	72.95	60.71	14.291	16.83	12.24	240.5175	1.1777	174.9218	0.8565	334124.3393
TS_09	2009-05-26	77.9	61.7	14.313	19.8	16.2	283.3974	1.3834	231.8706	1.1318	463299.4401
TS_09	2009-05-27	78.26	61.475	14.333	19.8675	16.785	284.7609	1.3861	240.5794	1.1711	481837.6661
TS_09	2009-05-28	67.55	61.475	14.353	14.5125	6.075	208.2979	1.0111	87.1945	0.4233	161475.0842
TS_09	2009-05-29	67.28	61.25	14.372	14.265	6.03	205.0166	0.9926	86.6632	0.4196	160087.0629
TS_09	2009-05-30	69.35	62.15	14.391	15.75	7.2	226.6583	1.0944	103.6152	0.5003	196083.1141
TS_09	2009-05-31	76.1	61.925	14.409	19.0125	14.175	273.9511	1.3195	204.2476	0.9838	406208.0316
TS_09	2009-06-01	72.77	61.7	14.426	17.235	11.07	248.6321	1.1947	159.6958	0.7674	309788.2073
TS_09	2009-06-02	77.36	61.43	14.443	19.395	15.93	280.122	1.3429	230.077	1.103	461199.4429
TS_09	2009-06-03	76.73	63.005	14.459	19.8675	13.725	287.2642	1.3741	198.4498	0.9492	400953.5544
TS_09	2009-06-04	74.3	63.005	14.474	18.6525	11.295	269.9763	1.2887	163.4838	0.7804	324900.0097
TS_09	2009-06-05	70.88	63.005	14.488	16.9425	7.875	245.4629	1.1694	114.093	0.5436	221309.1448
TS_09	2009-06-06	74.3	64.58	14.502	19.44	9.72	281.9189	1.3405	140.9594	0.6703	283897.6348
TS_09	2009-06-07	83.03	63.815	14.514	23.4225	19.215	339.9542	1.6138	278.8865	1.3239	594393.1419
TS_09	2009-06-08	68.72	63.05	14.526	15.885	5.67	230.7455	1.0936	82.3624	0.3903	157649.1685
TS_09	2009-06-09	75.83	64.85	14.538	20.34	10.98	295.7029	1.3991	159.6272	0.7553	326470.5635
TS_09	2009-06-10	79.07	65.615	14.548	22.3425	13.455	325.0387	1.5358	195.7433	0.9249	412015.7287
TS_09	2009-06-11	76.28	66.38	14.558	21.33	9.90000000000001	310.5221	1.4652	144.1242	0.68	299323.5204
TS_09	2009-06-12	82.4	66.11	14.566	24.255	16.29	353.2983	1.6652	237.2801	1.1184	513283.6063
TS_09	2009-06-13	80.15	64.13	14.574	22.14	16.02	322.6684	1.5191	233.4755	1.0992	490937.465
TS_09	2009-06-14	73.85	64.13	14.582	18.99	9.72	276.9122	1.3023	141.737	0.6666	285178.3772
TS_09	2009-06-15	75.02	64.13	14.588	19.575	10.89	285.5601	1.3419	158.8633	0.7465	322479.8623
TS_09	2009-06-16	73.76	62.15	14.593	17.955	11.61	262.0173	1.2304	169.4247	0.7956	336025.9342
TS_09	2009-06-17	76.73	64.4	14.598	20.565	12.33	300.2079	1.4088	179.9933	0.8446	370825.1122
TS_09	2009-06-18	75.29	66.29	14.602	20.79	9	303.5756	1.4238	131.418	0.6164	271687.1547
TS_09	2009-06-19	78.35	66.065	14.605	22.2075	12.285	324.3405	1.5205	179.4224	0.8412	378434.3832
TS_09	2009-06-20	80.96	65.84	14.607	23.4	15.12	341.8038	1.602	220.8578	1.0351	473587.1448
TS_09	2009-06-21	76.55	70.7	14.608	23.625	5.84999999999999	345.114	1.6173	85.4568	0.4005	183819.9696
TS_09	2009-06-22	80.285	71.33	14.609	25.8075	8.955	377.0218	1.7665	130.8236	0.613	289766.876
TS_09	2009-06-23	84.02	71.555	14.608	27.7875	12.465	405.9198	1.9022	182.0887	0.8533	413822.0358
TS_09	2009-06-24	79.52	71.78	14.607	25.65	7.73999999999999	374.6695	1.756	113.0582	0.5299	249862.9984
TS_09	2009-06-25	81.95	71.69	14.605	26.82	10.26	391.7061	1.8364	149.8473	0.7025	336244.1846
TS_09	2009-06-26	86.36	71.6	14.602	28.98	14.76	423.166	1.9847	215.5255	1.0108	497116.4915
TS_09	2009-06-27	86.9	72.41	14.598	29.655	14.49	432.9037	2.0314	211.525	0.9926	491924.1476
TS_09	2009-06-28	77.63	70.61	14.593	24.12	7.02	351.9832	1.6528	102.4429	0.4811	221611.1888
TS_09	2009-06-29	85.73	68.81	14.588	27.27	16.92	397.8148	1.8693	246.829	1.1599	556458.4938
TS_09	2009-06-30	76.73	68.855	14.582	22.7925	7.875	332.3602	1.5631	114.8333	0.54	243781.8571
TS_09	2009-07-01	79.43	68.9	14.574	24.165	10.53	352.1807	1.6581	153.4642	0.7225	331753.0301
TS_09	2009-07-02	72.32	68.9	14.566	20.61	3.41999999999999	300.2053	1.4149	49.8157	0.2348	102471.4601
TS_09	2009-07-03	79.25	67.82	14.558	23.535	11.43	342.6225	1.6166	166.3979	0.7851	356265.4874
TS_09	2009-07-04	81.14	68.54	14.548	24.84	12.6	361.3723	1.7075	183.3048	0.8661	399154.3847
TS_09	2009-07-05	79.25	70.25	14.538	24.75	9	359.8155	1.7024	130.842	0.6191	284376.0589
TS_09	2009-07-06	83.165	72.32	14.527	27.7425	10.845	403.0153	1.9097	157.5453	0.7465	355852.4231
TS_09	2009-07-07	87.08	74.3	14.515	30.69	12.78	445.4654	2.1144	185.5017	0.8805	434524.877
TS_09	2009-07-08	82.04	77.18	14.502	29.61	4.86	429.4042	2.0418	70.4797	0.3351	162738.2683
TS_09	2009-07-09	86	76.82	14.488	31.41	9.18000000000001	455.0681	2.168	132.9998	0.6336	313738.1319
TS_09	2009-07-10	84.2	74.57	14.474	29.385	9.63000000000001	425.3185	2.0302	139.3846	0.6653	320311.0112
TS_09	2009-07-11	81.32	74.57	14.459	27.945	6.75	404.0568	1.9327	97.5982	0.4668	219987.7741
TS_09	2009-07-12	84.56	72.32	14.444	28.44	12.24	410.7874	1.969	176.7946	0.8474	400612.0036
TS_09	2009-07-13	89.87	76.1	14.427	32.985	13.77	475.8746	2.2863	198.6598	0.9545	475680.7733
TS_09	2009-07-14	88.34	76.28	14.41	32.31	12.06	465.5871	2.2422	173.7846	0.8369	412247.3445
TS_09	2009-07-15	90.32	76.64	14.392	33.48	13.68	481.8442	2.3263	196.8826	0.9505	473086.8038
TS_09	2009-07-16	93.11	76.64	14.374	34.875	16.47	501.2933	2.4263	236.7398	1.1458	577641.8672
ISA_08	2008-04-22	67.28	48.38	13.368	8.64	18.9	115.4995	0.6463	252.6552	1.4138	390641.0386
ISA_08	2008-04-23	77.99	52.97	13.403	15.48	25.02	207.4784	1.155	335.3431	1.8667	588613.2132
ISA_08	2008-04-24	68.315	48.605	13.438	9.1575	19.71	123.0585	0.6815	264.863	1.4667	416145.0226
ISA_08	2008-04-25	58.64	48.605	13.473	4.32	10.035	58.2034	0.3206	135.2016	0.7448	195354.3337
ISA_08	2008-04-26	70.97	44.24	13.507	10.485	26.73	141.6209	0.7763	361.0421	1.979	561832.5998
ISA_08	2008-04-27	62.87	44.96	13.541	6.435	17.91	87.1363	0.4752	242.5193	1.3226	354108.7573
ISA_08	2008-04-28	63.68	44.96	13.575	6.84	18.72	92.853	0.5039	254.124	1.379	374779.0257
ISA_08	2008-04-29	75.38	45.68	13.608	12.69	29.7	172.6855	0.9325	404.1576	2.1825	665802.9577
ISA_08	2008-04-30	80.24	55.58	13.642	17.91	24.66	244.3282	1.3129	336.4117	1.8077	623322.6219
ISA_08	2008-05-01	77.18	59.18	13.674	18.18	18	248.5933	1.3295	246.132	1.3164	458934.4389
ISA_08	2008-05-02	78.26	56.48	13.707	17.37	21.78	238.0906	1.2672	298.5385	1.589	551365.0633
ISA_08	2008-05-03	72.23	56.66	13.739	14.445	15.57	198.4599	1.0514	213.9162	1.1333	378807.0764
ISA_08	2008-05-04	85.28	57.02	13.771	21.15	28.26	291.2566	1.5358	389.1685	2.0521	762619.6902
ISA_08	2008-05-05	76.64	53.06	13.803	14.85	23.58	204.9745	1.0759	325.4747	1.7083	582680.8604
ISA_08	2008-05-06	71.96	49.1	13.834	10.98	22.86	151.8973	0.7937	316.2452	1.6525	529629.8309
ISA_08	2008-05-07	73.67	55.49	13.864	14.58	18.18	202.1371	1.0516	252.0475	1.3113	451335.0013
ISA_08	2008-05-08	74.66	55.04	13.895	14.85	19.62	206.3407	1.0687	272.6199	1.412	491310.5403
ISA_08	2008-05-09	66.83	51.53	13.925	9.18	15.3	127.8315	0.6592	213.0525	1.0987	351145.2476
ISA_08	2008-05-10	57.2	51.53	13.954	4.365	5.67	60.9092	0.3128	79.1192	0.4063	120041.0773
ISA_08	2008-05-11	62.06	48.02	13.983	6.03	14.04	84.3175	0.4312	196.3213	1.0041	302187.3248
ISA_08	2008-05-12	66.2	47.75	14.012	8.1	18.45	113.4972	0.5781	258.5214	1.3167	412772.6916
ISA_08	2008-05-13	70.07	50.63	14.04	10.35	19.44	145.314	0.7372	272.9376	1.3846	462527.6992
ISA_08	2008-05-14	64.58	50.225	14.068	7.4025	14.355	104.1384	0.5262	201.9461	1.0204	326158.5134
ISA_08	2008-05-15	66.83	49.82	14.095	8.415	17.01	118.6094	0.597	239.7559	1.2068	394202.3574
ISA_08	2008-05-16	72.32	49.19	14.122	11.16	23.13	157.6015	0.7903	326.6419	1.6379	560505.7445
ISA_08	2008-05-17	72.14	50.72	14.148	11.43	21.42	161.7116	0.8079	303.0502	1.514	526768.8431
ISA_08	2008-05-18	79.43	52.25	14.174	15.84	27.18	224.5162	1.1175	385.2493	1.9176	719041.7821
ISA_08	2008-05-19	75.29	52.115	14.199	13.7025	23.175	194.5618	0.965	329.0618	1.6322	595280.6056
ISA_08	2008-05-20	67.37	52.115	14.223	9.7425	15.255	138.5676	0.685	216.9719	1.0726	368729.615
ISA_08	2008-05-21	74.12	51.98	14.247	13.05	22.14	185.9233	0.916	315.4286	1.554	566682.1745
ISA_08	2008-05-22	80.51	56.3	14.271	18.405	24.21	262.6578	1.2897	345.5009	1.6964	674561.3354
ISA_08	2008-05-23	79.34	59.9	14.293	19.62	19.44	280.4287	1.3727	277.8559	1.3601	552976.9931
ISA_08	2008-05-24	75.38	60.98	14.315	18.18	14.4	260.2467	1.27	206.136	1.0059	402376.1115
ISA_08	2008-05-25	70.61	62.06	14.337	16.335	8.55	234.1949	1.1394	122.5813	0.5964	233160.7343
ISA_08	2008-05-26	74.84	59.81	14.358	17.325	15.03	248.7524	1.2066	215.8007	1.0468	417208.5849
ISA_08	2008-05-27	72.95	57.56	14.378	15.255	15.39	219.3364	1.061	221.2774	1.0704	415221.0555
ISA_08	2008-05-28	80.6	57.74	14.398	19.17	22.86	276.0097	1.3314	329.1383	1.5877	655583.9851
ISA_08	2008-05-29	76.55	60.35	14.416	18.45	16.2	265.9752	1.2798	233.5392	1.1238	460901.3816
ISA_08	2008-05-30	75.65	62.24	14.435	18.945	13.41	273.4711	1.3124	193.5734	0.929	385296.555
ISA_08	2008-05-31	66.02	58.415	14.452	12.2175	7.60499999999999	176.5673	0.8454	109.9075	0.5262	197650.3903
ISA_08	2008-06-01	74.93	54.59	14.469	14.76	20.34	213.5624	1.0201	294.2995	1.4058	551524.5102
ISA_08	2008-06-02	74.03	59.9	14.485	16.965	14.13	245.738	1.1712	204.6731	0.9755	397060.8151
ISA_08	2008-06-03	70.34	60.98	14.5	15.66	9.36000000000001	227.07	1.08	135.72	0.6455	258429.8808
ISA_08	2008-06-04	74.48	60.89	14.514	17.685	13.59	256.6801	1.2185	197.2453	0.9363	387539.6325
ISA_08	2008-06-05	74.66	63.14	14.528	18.9	11.52	274.5792	1.3009	167.3626	0.793	335052.8828
ISA_08	2008-06-06	73.58	61.925	14.541	17.7525	11.655	258.1391	1.2209	169.4754	0.8015	333930.5458
ISA_08	2008-06-07	76.19	60.71	14.553	18.45	15.48	268.5029	1.2678	225.2804	1.0637	448827.5047
ISA_08	2008-06-08	77.54	63.32	14.565	20.43	14.22	297.563	1.4027	207.1143	0.9763	424921.0621
ISA_08	2008-06-09	77.9	62.375	14.575	20.1375	15.525	293.5041	1.3816	226.2769	1.0652	462624.9094
ISA_08	2008-06-10	80.15	61.43	14.585	20.79	18.72	303.2221	1.4254	273.0312	1.2835	563794.2202
ISA_08	2008-06-11	76.82	59.585	14.594	18.2025	17.235	265.6473	1.2473	251.5276	1.181	500714.6076
ISA_08	2008-06-12	80.96	59.585	14.602	20.2725	21.375	296.019	1.3883	312.1177	1.4638	640539.9351
ISA_08	2008-06-13	84.47	57.74	14.609	21.105	26.73	308.3229	1.4447	390.4986	1.8297	811278.6992
ISA_08	2008-06-14	71.96	57.965	14.616	14.9625	13.995	218.6919	1.0237	204.5509	0.9575	388438.8834
ISA_08	2008-06-15	75.38	58.19	14.621	16.785	17.19	245.4135	1.148	251.335	1.1757	490838.8805
ISA_08	2008-06-16	77.18	60.71	14.626	18.945	16.47	277.0896	1.2953	240.8902	1.1261	485822.3707
ISA_08	2008-06-17	79.34	61.34	14.63	20.34	18	297.5742	1.3903	263.34	1.2303	541992.7997
ISA_08	2008-06-18	83.84	62.78	14.633	23.31	21.06	341.0952	1.593	308.171	1.4392	661177.8976
ISA_08	2008-06-19	83.48	66.515	14.635	24.9975	16.965	365.8384	1.7081	248.2828	1.1592	545024.5937
ISA_08	2008-06-20	82.85	70.25	14.636	26.55	12.6	388.5858	1.814	184.4136	0.8609	413228.7575
ISA_08	2008-06-21	84.56	67.685	14.637	26.1225	16.875	382.355	1.7847	246.9994	1.1529	550415.8933
ISA_08	2008-06-22	75.38	67.685	14.636	21.5325	7.69499999999999	315.1497	1.4712	112.624	0.5258	235823.3611
ISA_08	2008-06-23	70.88	67.685	14.635	19.2825	3.19499999999999	282.1994	1.3176	46.7588	0.2183	94822.1639
ISA_08	2008-06-24	75.92	65.12	14.633	20.52	10.8	300.2692	1.4023	158.0364	0.7381	326161.5783
ISA_08	2008-06-25	76.55	66.2	14.63	21.375	10.35	312.7163	1.461	151.4205	0.7075	316231.4934
ISA_08	2008-06-26	74.03	64.85	14.626	19.44	9.18000000000001	284.3294	1.3291	134.2667	0.6276	272730.386
ISA_08	2008-06-27	75.83	64.85	14.621	20.34	10.98	297.3911	1.3911	160.5386	0.751	330208.9605
ISA_08	2008-06-28	82.4	63.5	14.616	22.95	18.9	335.4372	1.5702	276.2424	1.2931	589079.8462
ISA_08	2008-06-29	77.45	68.18	14.609	22.815	9.27	333.3043	1.5617	135.4254	0.6345	288118.7765
ISA_08	2008-06-30	73.58	66.92	14.602	20.25	6.66	295.6905	1.3868	97.2493	0.4561	199514.8572
ISA_08	2008-07-01	76.46	65.345	14.594	20.9025	11.115	305.0511	1.4323	162.2123	0.7616	335698.7275
ISA_08	2008-07-02	87.44	63.77	14.585	25.605	23.67	373.4489	1.7556	345.2269	1.6229	761362.7733
ISA_08	2008-07-03	91.04	67.82	14.575	29.43	23.22	428.9423	2.0192	338.4315	1.5931	783599.0494
ISA_08	2008-07-04	87.26	71.87	14.565	29.565	15.39	430.6142	2.0299	224.1553	1.0566	519531.2319
ISA_08	2008-07-05	90.14	73.22	14.554	31.68	16.92	461.0707	2.1767	246.2537	1.1626	585478.329
ISA_08	2008-07-06	89.24	74.48	14.541	31.86	14.76	463.2763	2.191	214.6252	1.0151	510947.928
ISA_08	2008-07-07	88.7	72.95	14.529	30.825	15.75	447.8564	2.1216	228.8317	1.084	537437.1885
ISA_08	2008-07-08	84.92	71.42	14.515	28.17	13.5	408.8876	1.9408	195.9525	0.9301	444670.129
ISA_08	2008-07-09	80.87	72.14	14.501	26.505	8.73	384.349	1.8278	126.5937	0.602	280885.9162
ISA_08	2008-07-10	86.81	71.51	14.485	29.16	15.3	422.3826	2.0131	221.6205	1.0563	508234.5803
FU_08	2008-06-03	73.52	61.22	14.244	17.37	12.3	247.4183	1.2195	175.2012	0.8635	336252.5484
FU_08	2008-06-04	80.36	64.58	14.257	22.47	15.78	320.3548	1.5761	224.9755	1.1068	464891.4458
FU_08	2008-06-05	79.4	64.4	14.269	21.9	15	312.4911	1.5348	214.035	1.0512	439174.6067
FU_08	2008-06-06	78.08	63.14	14.281	20.61	14.94	294.3314	1.4432	213.3581	1.0461	430292.7641
FU_08	2008-06-07	82.28	61.88	14.291	22.08	20.4	315.5453	1.545	291.5364	1.4275	600620.5392
FU_08	2008-06-08	75.38	64.22	14.301	19.8	11.16	283.1598	1.3845	159.5992	0.7804	318626.8912
FU_08	2008-06-09	82.1	65.3	14.311	23.7	16.8	339.1707	1.6561	240.4248	1.1739	507162.0267
FU_08	2008-06-10	81.86	67.82	14.319	24.84	14.04	355.684	1.7348	201.0388	0.9805	430879.925
FU_08	2008-06-11	71.12	64.22	14.327	17.67	6.90000000000001	253.1581	1.2333	98.8563	0.4816	191683.9652
FU_08	2008-06-12	77.48	64.22	14.334	20.85	13.26	298.8639	1.4546	190.0688	0.9251	386054.1048
FU_08	2008-06-13	85.64	60.62	14.341	23.13	25.02	331.7073	1.6129	358.8118	1.7446	752613.0526
FU_08	2008-06-14	80.36	60.95	14.347	20.655	19.41	296.3373	1.4397	278.4753	1.3529	564573.6808
FU_08	2008-06-15	78.44	61.28	14.351	19.86	17.16	285.0109	1.3839	246.2632	1.1957	493787.611
FU_08	2008-06-16	76.52	63.92	14.356	20.22	12.6	290.2783	1.4085	180.8856	0.8777	364693.7035
FU_08	2008-06-17	84.02	69.32	14.359	26.67	14.7	382.9545	1.8574	211.0773	1.0237	464751.9115
FU_08	2008-06-18	88.58	72.92	14.362	30.75	15.66	441.6315	2.1411	224.9089	1.0904	521667.9183
FU_08	2008-06-19	79.46	73.64	14.364	26.55	5.81999999999999	381.3642	1.8484	83.5985	0.4052	183843.7916
FU_08	2008-06-20	78.44	69.74	14.365	24.09	8.69999999999999	346.0528	1.677	124.9755	0.6056	266023.5617
FU_08	2008-06-21	77.12	69.74	14.365	23.43	7.38	336.572	1.631	106.0137	0.5137	223651.1555
FU_08	2008-06-22	77.3	69.74	14.365	23.52	7.55999999999999	337.8648	1.6373	108.5994	0.5263	229386.8672
FU_08	2008-06-23	76.34	69.74	14.364	23.04	6.59999999999999	330.9466	1.604	94.8024	0.4595	198923.2237
FU_08	2008-06-24	80.72	65.84	14.362	23.28	14.88	334.3474	1.6209	213.7066	1.0361	449829.8098
FU_08	2008-06-25	73.1	69.26	14.359	21.18	3.83999999999999	304.1236	1.475	55.1386	0.2674	112711.3352
FU_08	2008-06-26	78.2	66.86	14.356	22.53	11.34	323.4407	1.5694	162.797	0.7899	339021.8013
FU_08	2008-06-27	80.87	64.46	14.352	22.665	16.41	325.2881	1.5792	235.5163	1.1434	491234.3255
FU_08	2008-06-28	81.305	67.76	14.347	24.5325	13.545	351.9678	1.7099	194.3301	0.9441	415601.2933
FU_08	2008-06-29	81.74	66.2	14.341	23.97	15.54	343.7538	1.6714	222.8591	1.0836	472819.6318
FU_08	2008-06-30	77.42	66.2	14.335	21.81	11.22	312.6463	1.5215	160.8387	0.7827	331133.5414
FU_08	2008-07-01	83.54	64.64	14.327	24.09	18.9	345.1374	1.6814	270.7803	1.3192	574859.7695
FU_08	2008-07-02	86.36	70.46	14.319	28.41	15.9	406.8028	1.9841	227.6721	1.1104	511238.971
FU_08	2008-07-03	88.1	73.1	14.311	30.6	15	437.9166	2.1382	214.665	1.0481	495217.8154
FU_08	2008-07-04	89.6	75.74	14.302	32.67	13.86	467.2463	2.2843	198.2257	0.9691	468742.9091
FU_08	2008-07-05	87.62	75.44	14.292	31.53	12.18	450.6268	2.2061	174.0766	0.8522	405677.332
FU_08	2008-07-06	92.48	74.6	14.281	33.54	17.88	478.9847	2.3486	255.3443	1.252	609269.1934
FU_08	2008-07-07	92.66	74.6	14.269	33.63	18.06	479.8665	2.3569	257.6981	1.2657	615030.8695
FU_08	2008-07-08	91.52	73.76	14.257	32.64	17.76	465.3485	2.2894	253.2043	1.2457	596649.8899
FU_08	2008-07-09	90.62	72.5	14.245	31.56	18.12	449.5722	2.2155	258.1194	1.272	599777.6983
FU_08	2008-07-10	91.88	71.24	14.231	31.56	20.64	449.1304	2.2177	293.7278	1.4504	681848.2701
FU_08	2008-07-11	91.34	75.14	14.217	33.24	16.2	472.5731	2.338	230.3154	1.1395	545121.1201
FU_08	2008-07-12	90.38	77.81	14.202	34.095	12.57	484.2172	2.4007	178.5191	0.8851	426416.9553
FU_08	2008-07-13	92.9	77	14.187	34.95	15.9	495.8357	2.4635	225.5733	1.1207	543715.4084
FU_08	2008-07-14	91.88	77.45	14.171	34.665	14.43	491.2377	2.4462	204.4875	1.0183	490683.2527
FU_08	2008-07-15	93.02	77.24	14.154	35.13	15.78	497.23	2.482	223.3501	1.1149	538242.5291
FU_08	2008-07-16	94.04	77.78	14.137	35.91	16.26	507.6597	2.5401	229.8676	1.1502	558352.8946
FU_08	2008-07-17	95.06	78.26	14.119	36.66	16.8	517.6025	2.5965	237.1992	1.1899	580451.3673
FU_08	2008-07-18	92	76.82	14.101	34.41	15.18	485.2154	2.4403	214.0532	1.0765	509560.1921
FU_08	2008-07-19	92.6	79.22	14.082	35.91	13.38	505.6846	2.5501	188.4172	0.9501	455888.3646
FU_08	2008-07-20	94.16	80.66	14.062	37.41	13.5	526.0594	2.6604	189.837	0.96	466679.8736
FU_08	2008-07-21	89.54	79.64	14.042	34.59	9.90000000000001	485.7128	2.4633	139.0158	0.705	330249.4877
FU_08	2008-07-22	95	78.62	14.022	36.81	16.38	516.1498	2.6252	229.6804	1.1682	559156.7537
FU_08	2008-07-23	94.34	79.25	14.001	36.795	15.09	515.1668	2.628	211.2751	1.0778	513490.0755
FU_08	2008-07-24	94.16	78.98	13.979	36.57	15.18	511.212	2.6161	212.2012	1.0859	513595.7183
FU_08	2008-07-25	97.04	79.22	13.957	38.13	17.82	532.1804	2.732	248.7137	1.2768	611850.9272
FU_08	2008-07-26	96.74	80.24	13.934	38.49	16.5	536.3197	2.7623	229.911	1.1842	566969.5661
FU_08	2008-07-27	96.5	80.42	13.911	38.46	16.08	535.0171	2.7647	223.6889	1.1559	550528.3348
FU_08	2008-07-28	96.26	79.43	13.888	37.845	16.83	525.5914	2.725	233.735	1.2118	570309.4587
FU_08	2008-07-29	95.42	78.44	13.864	36.93	16.98	511.9975	2.6637	235.4107	1.2248	567432.8319
FU_08	2008-07-30	94.04	77.585	13.84	35.8125	16.455	495.645	2.5876	227.7372	1.1889	540941.8938
FU_08	2008-07-31	96.08	76.73	13.815	36.405	19.35	502.9351	2.6352	267.3202	1.4007	638192.3853
FU_08	2008-08-01	96.32	77.96	13.79	37.14	18.36	512.1606	2.6933	253.1844	1.3314	608483.436
FU_08	2008-08-02	96.56	79.16	13.764	37.86	17.4	521.105	2.7507	239.4936	1.2642	579241.6351
FU_08	2008-08-03	93.44	79.34	13.738	36.39	14.1	499.9258	2.6489	193.7058	1.0264	459790.0898
FU_08	2008-08-04	90.2	79.16	13.712	34.68	11.04	475.5322	2.5292	151.3805	0.8051	351545.4874
FU_08	2008-08-05	92.06	77.42	13.685	34.74	14.64	475.4169	2.5385	200.3484	1.0698	464674.8159
FU_08	2008-08-06	92.84	75.68	13.658	34.26	17.16	467.9231	2.5084	234.3713	1.2564	539439.7566
FU_08	2008-08-07	94.28	78.08	13.63	36.18	16.2	493.1334	2.6544	220.806	1.1886	518732.205
FU_08	2008-08-08	94.88	77.27	13.603	36.075	17.61	490.7282	2.652	239.5488	1.2946	560965.0177
FU_08	2008-08-09	93.74	76.46	13.575	35.1	17.28	476.4825	2.5856	234.576	1.2729	541979.6378
FU_08	2008-08-10	95.6	75.38	13.546	35.49	20.22	480.7475	2.62	273.9001	1.4927	634378.7203
FU_08	2008-08-11	96.56	77.3	13.518	36.93	19.26	499.2197	2.7319	260.3567	1.4248	611900.5482
FU_08	2008-08-12	94.52	78.02	13.489	36.27	16.5	489.246	2.6889	222.5685	1.2232	518004.1597
FU_08	2008-08-13	94.58	77.84	13.459	36.21	16.74	487.3504	2.6904	225.3037	1.2438	522839.8491
FU_08	2008-08-14	94.64	77.66	13.43	36.15	16.98	485.4945	2.6917	228.0414	1.2643	527685.2911
FU_08	2008-08-15	89.78	77	13.4	33.39	12.78	447.426	2.4918	171.252	0.9537	382722.8747
FU_08	2008-08-16	88.4	77	13.37	32.7	11.4	437.199	2.4458	152.418	0.8527	337056.8604
FU_08	2008-08-17	88.04	76.34	13.34	32.19	11.7	429.4146	2.413	156.078	0.8771	342252.3959
FU_08	2008-08-18	93.26	78.17	13.31	35.715	15.09	475.3667	2.6833	200.8479	1.1337	458281.3417
FU_08	2008-08-19	86.36	74.015	13.279	30.1875	12.345	400.8598	2.2733	163.9293	0.9297	349106.9586
FU_08	2008-08-20	86.24	74.015	13.248	30.1275	12.225	399.1291	2.2741	161.9568	0.9228	343843.7188
FU_08	2008-08-21	87.2	69.86	13.217	28.53	17.34	377.081	2.1586	229.1828	1.3119	475751.8286
ISI_08	2008-06-25	91.04	83.66	13.633	37.35	7.38000000000001	509.1925	2.7397	100.6115	0.5413	239625.0057
ISI_08	2008-06-26	91.4	83.66	13.63	37.53	7.74000000000001	511.5339	2.7535	105.4962	0.5679	251721.0858
ISI_08	2008-06-27	89.6	83.66	13.628	36.63	5.94	499.1936	2.6878	80.9503	0.4359	191138.8659
ISI_08	2008-06-28	90.68	84.02	13.624	37.35	6.66000000000001	508.8564	2.7415	90.7358	0.4888	215961.5342
ISI_08	2008-06-29	90.68	82.31	13.62	36.495	8.37	497.0619	2.6795	113.9994	0.6145	268596.6995
ISI_08	2008-06-30	90.14	80.6	13.616	35.37	9.54000000000001	481.5979	2.5977	129.8966	0.7006	301983.1683
ISI_08	2008-07-01	90.5	83.66	13.611	37.08	6.84	504.6959	2.7243	93.0992	0.5025	220690.9813
ISI_08	2008-07-02	91.22	83.66	13.606	37.44	7.56	509.4086	2.7517	102.8614	0.5556	244750.0974
ISI_08	2008-07-03	91.4	83.66	13.6	37.53	7.74000000000001	510.408	2.7596	105.264	0.5691	250614.2154
ISI_08	2008-07-04	91.4	84.02	13.594	37.71	7.38000000000001	512.6297	2.774	100.3237	0.5429	239237.91
ISI_08	2008-07-05	91.04	84.02	13.587	37.53	7.02000000000001	509.9201	2.7622	95.3807	0.5167	226866.9263
ISI_08	2008-07-06	91.94	81.41	13.58	36.675	10.53	498.0465	2.7007	142.9974	0.7754	336629.1784
ISI_08	2008-07-07	90.5	81.41	13.573	35.955	9.09	488.0172	2.649	123.3786	0.6697	287883.4653
ISI_08	2008-07-08	89.06	78.8	13.564	33.93	10.26	460.2265	2.5015	139.1666	0.7564	316861.9874
ISI_08	2008-07-09	91.94	79.43	13.556	35.685	12.51	483.7459	2.6324	169.5856	0.9228	393962.8103
ISI_08	2008-07-10	90.5	80.06	13.547	35.28	10.44	477.9382	2.6043	141.4307	0.7707	326786.3801
ISI_08	2008-07-11	91.4	80.06	13.537	35.73	11.34	483.677	2.6394	153.5096	0.8377	356304.0278
ISI_08	2008-07-12	90.86	80.06	13.528	35.46	10.8	479.7029	2.6212	146.1024	0.7983	337818.8108
ISI_08	2008-07-13	92.3	80.06	13.517	36.18	12.24	489.0451	2.6766	165.4481	0.9055	385459.3022
ISI_08	2008-07-14	92.66	82.22	13.507	37.44	10.44	505.7021	2.7719	141.0131	0.7729	333087.5829
ISI_08	2008-07-15	93.38	81.86	13.495	37.62	11.52	507.6819	2.7877	155.4624	0.8536	367647.402
ISI_08	2008-07-16	90.05	81.5	13.484	35.775	8.55	482.3901	2.6531	115.2882	0.6341	266682.3815
ISI_08	2008-07-17	86.72	80.78	13.472	33.75	5.94	454.68	2.5052	80.0237	0.4409	180578.2353
ISI_08	2008-07-18	88.34	82.04	13.46	35.19	6.3	473.6574	2.6144	84.798	0.4681	194468.5084
ISI_08	2008-07-19	89.06	82.22	13.447	35.64	6.84	479.2511	2.6504	91.9775	0.5087	211842.7306
ISI_08	2008-07-20	89.96	82.4	13.434	36.18	7.55999999999999	486.0421	2.6932	101.561	0.5628	235162.9875
ISI_08	2008-07-21	89.42	82.4	13.42	35.91	7.02	481.9122	2.6759	94.2084	0.5231	217228.0274
ISI_08	2008-07-22	90.5	82.76	13.406	36.63	7.73999999999999	491.0618	2.7324	103.7624	0.5774	241011.464
ISI_08	2008-07-23	90.86	82.94	13.392	36.9	7.92	494.1648	2.7554	106.0646	0.5914	246868.5891
ISI_08	2008-07-24	93.38	81.41	13.378	37.395	11.97	500.2703	2.7953	160.1347	0.8948	374449.3801
ISI_08	2008-07-25	92.48	81.41	13.363	36.945	11.07	493.696	2.7647	147.9284	0.8284	343740.0732
ISI_08	2008-07-26	89.33	81.41	13.348	35.37	7.92000000000002	472.1188	2.6498	105.7162	0.5933	240931.0951
ISI_08	2008-07-27	86.18	81.41	13.332	33.795	4.77000000000001	450.5549	2.5349	63.5936	0.3578	142087.8982
ISI_08	2008-07-28	86.54	81.41	13.316	33.975	5.13000000000001	452.4111	2.5514	68.3111	0.3853	152772.4158
ISI_08	2008-07-29	86.9	79.88	13.3	33.39	7.02000000000001	444.087	2.5105	93.366	0.5278	207102.0337
ISI_08	2008-07-30	87.62	79.7	13.284	33.66	7.92000000000002	447.1394	2.5339	105.2093	0.5962	233846.4446
ISI_08	2008-07-31	88.88	79.7	13.267	34.29	9.18000000000001	454.9254	2.5846	121.7911	0.6919	272391.9
ISI_08	2008-08-01	89.78	79.52	13.25	34.65	10.26	459.1125	2.6151	135.945	0.7743	304955.2226
ISI_08	2008-08-02	88.52	81.86	13.232	35.19	6.66	465.6341	2.6595	88.1251	0.5033	198675.2771
ISI_08	2008-08-03	89.42	82.4	13.215	35.91	7.02	474.5506	2.7174	92.7693	0.5312	210642.0932
ISI_08	2008-08-04	90.14	81.14	13.197	35.64	9	470.3411	2.7006	118.773	0.682	268472.3703
ISI_08	2008-08-05	89.6	79.88	13.179	34.74	9.72	457.8385	2.636	128.0999	0.7375	286120.9354
ISI_08	2008-08-06	90.5	80.06	13.161	35.28	10.44	464.3201	2.6806	137.4008	0.7933	308429.1836
ISI_08	2008-08-07	92.12	80.24	13.142	36.18	11.88	475.4776	2.753	156.127	0.904	353651.7828
ISI_08	2008-08-08	90.68	80.87	13.123	35.775	9.81	469.4753	2.7261	128.7366	0.7475	289818.422
ISI_08	2008-08-09	87.62	80.87	13.104	34.245	6.75	448.7465	2.6133	88.452	0.5151	195292.5481
ISI_08	2008-08-10	86.18	80.87	13.085	33.525	5.31	438.6746	2.5621	69.4814	0.4058	151875.7568
ISI_08	2008-08-11	87.62	80.87	13.066	34.245	6.75	447.4452	2.6209	88.1955	0.5166	194161.5413
ISI_08	2008-08-12	89.24	81.5	13.046	35.37	7.73999999999999	461.437	2.7112	100.976	0.5933	224921.5078
ISI_08	2008-08-13	90.32	81.5	13.026	35.91	8.81999999999999	467.7637	2.7568	114.8893	0.6771	257136.9259
ISI_08	2008-08-14	86.72	82.22	13.006	34.47	4.5	448.3168	2.6503	58.527	0.346	128597.4932
ISI_08	2008-08-15	89.6	82.94	12.986	36.27	6.66	471.0022	2.793	86.4868	0.5129	193782.6185
ISI_08	2008-08-16	90.5	83.12	12.966	36.81	7.38	477.2785	2.839	95.6891	0.5692	215411.1346
ISI_08	2008-08-17	89.42	81.86	12.945	35.64	7.56	461.3598	2.7532	97.8642	0.584	216986.4224
ISI_08	2008-08-18	90.14	82.31	12.924	36.225	7.83	468.1719	2.8029	101.1949	0.6058	225537.5505
ISI_08	2008-08-19	92.48	82.76	12.904	37.62	9.72	485.4485	2.9154	125.4269	0.7533	283627.4224
ISI_08	2008-08-20	91.04	83.3	12.883	37.17	7.74000000000001	478.8611	2.8852	99.7144	0.6008	223960.803
ISI_08	2008-08-21	89.78	83.12	12.861	36.45	6.66	468.7835	2.8341	85.6543	0.5178	190466.5428
ISI_08	2008-08-22	89.6	83.12	12.84	36.36	6.47999999999999	466.8624	2.8318	83.2032	0.5047	184521.8001
ISI_08	2008-08-23	89.96	82.94	12.819	36.45	7.02	467.2526	2.8434	89.9894	0.5476	199452.9208
ISI_08	2008-08-24	89.24	82.67	12.797	35.955	6.56999999999999	460.1161	2.8096	84.0763	0.5134	184962.1435
ISI_08	2008-08-25	89.24	82.4	12.776	35.82	6.83999999999999	457.6363	2.8037	87.3878	0.5354	191630.4034
ISI_08	2008-08-26	89.42	81.59	12.754	35.505	7.82999999999998	452.8308	2.7838	99.8638	0.6139	217809.137
ISI_08	2008-08-27	89.6	81.59	12.732	35.595	8.00999999999999	453.1955	2.7957	101.9833	0.6291	222281.9346
ISI_08	2008-08-28	90.86	80.78	12.71	35.82	10.08	455.2722	2.8183	128.1168	0.7931	279492.4876
ISI_08	2008-08-29	89.96	80.24	12.688	35.1	9.71999999999998	445.3488	2.7664	123.3274	0.7661	266325.1379
ISI_08	2008-08-30	89.06	79.7	12.666	34.38	9.36	435.4571	2.7144	118.5538	0.739	253410.3407
ISI_08	2008-08-31	92.12	82.4	12.643	37.26	9.72	471.0782	2.9471	122.89	0.7688	271151.3338
ISI_08	2008-09-01	87.98	81.41	12.621	34.695	6.57000000000001	437.8856	2.749	82.92	0.5206	177272.2149
ISI_08	2008-09-02	86.9	80.42	12.598	33.66	6.48	424.0487	2.6719	81.635	0.5144	172078.2853
ISI_08	2008-09-03	85.82	79.16	12.576	32.49	6.66	408.5942	2.5835	83.7562	0.5296	173776.3159
ISI_08	2008-09-04	88.52	79.16	12.553	33.84	9.36	424.7935	2.6958	117.4961	0.7456	247315.976
ISI_08	2008-09-05	88.52	77.9	12.531	33.21	10.62	416.1545	2.6502	133.0792	0.8475	277524.6058
ISI_08	2008-09-06	90.14	79.16	12.508	34.65	10.98	433.4022	2.7702	137.3378	0.8778	290827.2143
ISI_08	2008-09-07	89.06	79.34	12.485	34.2	9.72	426.987	2.7393	121.3542	0.7785	255144.0503
ISI_08	2008-09-08	90.86	79.34	12.462	35.1	11.52	437.4162	2.8166	143.5622	0.9244	304500.1625
ISI_08	2008-09-09	89.78	79.34	12.439	34.56	10.44	429.8918	2.7784	129.8632	0.8393	273191.0103
ISI_08	2008-09-10	88.88	79.52	12.416	34.2	9.36	424.6272	2.7545	116.2138	0.7539	242986.0514
ISI_08	2008-09-11	83.3	79.52	12.393	31.41	3.78	389.2641	2.5345	46.8455	0.305	94526.2545
ISI_08	2008-09-12	80.96	79.52	12.37	30.24	1.44	374.0688	2.4446	17.8128	0.1164	35360.859
TH_08	2008-06-30	96.62	78.8	13.416	37.71	17.82	505.9174	2.8108	239.0731	1.3283	562642.9812
TH_08	2008-07-01	95.9	78.8	13.412	37.35	17.1	500.9382	2.7848	229.3452	1.275	537373.3256
TH_08	2008-07-02	96.44	78.8	13.407	37.62	17.64	504.3713	2.806	236.4995	1.3157	555641.9721
TH_08	2008-07-03	95.36	80.06	13.402	37.71	15.3	505.3894	2.8138	205.0506	1.1416	482069.6217
TH_08	2008-07-04	94.28	78.44	13.397	36.36	15.84	487.1149	2.714	212.2085	1.1824	491035.5342
TH_08	2008-07-05	91.94	78.44	13.391	35.19	13.5	471.2293	2.6279	180.7785	1.0081	412456.7378
TH_08	2008-07-06	86	78.44	13.385	32.22	7.56	431.2647	2.4072	101.1906	0.5648	222723.4856
TH_08	2008-07-07	91.58	76.82	13.378	34.2	14.76	457.5276	2.5564	197.4593	1.1033	444847.1657
TH_08	2008-07-08	86.54	76.64	13.371	31.59	9.90000000000001	422.3899	2.3626	132.3729	0.7404	288821.7539
TH_08	2008-07-09	92.12	78.44	13.364	35.28	13.68	471.4819	2.6399	182.8195	1.0236	416712.2031
TH_08	2008-07-10	93.92	78.44	13.356	36.18	15.48	483.2201	2.7089	206.7509	1.159	475948.8289
TH_08	2008-07-11	96.26	78.44	13.348	37.35	17.82	498.5478	2.7982	237.8614	1.335	554667.8588
TH_08	2008-07-12	94.19	78.44	13.339	36.315	15.75	484.4058	2.7225	210.0892	1.1807	483774.9467
TH_08	2008-07-13	92.12	79.88	13.33	36	12.24	479.88	2.7007	163.1592	0.9182	374084.8874
TH_08	2008-07-14	95.9	77.54	13.321	36.72	18.36	489.1471	2.7565	244.5736	1.3783	565061.3443
TH_08	2008-07-15	95.36	77.54	13.311	36.45	17.82	485.186	2.7383	237.202	1.3387	545913.7837
TH_08	2008-07-16	86.18	75.2	13.301	30.69	10.98	408.2077	2.3073	146.045	0.8255	313487.7957
TH_08	2008-07-17	86.9	75.47	13.291	31.185	11.43	414.4798	2.3463	151.9161	0.86	327844.0734
TH_08	2008-07-18	91.76	75.74	13.28	33.75	16.02	448.2	2.5414	212.7456	1.2063	473231.3126
TH_08	2008-07-19	98.06	77.9	13.269	37.98	20.16	503.9566	2.8623	267.503	1.5193	624569.6395
TH_08	2008-07-20	93.56	80.06	13.258	36.81	13.5	488.027	2.7764	178.983	1.0183	411992.7273
TH_08	2008-07-21	98.78	78.98	13.246	38.88	19.8	515.0045	2.9352	262.2708	1.4948	617545.1756
TH_08	2008-07-22	99.32	78.98	13.234	39.15	20.34	518.1111	2.9583	269.1796	1.537	635162.0656
TH_08	2008-07-23	92.12	78.98	13.222	35.55	13.14	470.0421	2.6887	173.7371	0.9938	393042.651
TH_08	2008-07-24	92.48	78.98	13.209	35.73	13.5	471.9576	2.705	178.3215	1.022	403865.233
TH_08	2008-07-25	84.74	78.98	13.197	31.86	5.75999999999999	420.4564	2.4142	76.0147	0.4365	164238.3801
TH_08	2008-07-26	92.3	77.9	13.183	35.1	14.4	462.7233	2.6625	189.8352	1.0923	425942.0846
TH_08	2008-07-27	94.82	80.15	13.17	37.485	14.67	493.6774	2.8462	193.2039	1.1139	445210.3537
TH_08	2008-07-28	95.99	80.15	13.156	38.07	15.84	500.8489	2.8937	208.391	1.204	482904.1069
TH_08	2008-07-29	95.99	80.15	13.142	38.07	15.84	500.3159	2.8968	208.1693	1.2053	481876.8858
TH_08	2008-07-30	97.16	82.4	13.128	39.78	14.76	522.2318	3.0302	193.7693	1.1243	456765.286
TH_08	2008-07-31	90.86	79.25	13.113	35.055	11.61	459.6762	2.6733	152.2419	0.8854	339598.8311
TH_08	2008-08-01	84.56	79.25	13.099	31.905	5.31	417.9236	2.4357	69.5557	0.4054	149248.9264
TH_08	2008-08-02	89.6	79.25	13.084	34.425	10.35	450.4167	2.6311	135.4194	0.791	299173.0615
TH_08	2008-08-03	92.12	79.25	13.068	35.685	12.87	466.3316	2.7307	168.1852	0.9848	376644.4699
TH_08	2008-08-04	93.56	79.25	13.053	36.405	14.31	475.1945	2.789	186.7884	1.0963	421336.5938
TH_08	2008-08-05	93.56	79.25	13.037	36.405	14.31	474.612	2.7924	186.5595	1.0976	420304.3018
TH_08	2008-08-06	95	79.25	13.021	37.125	15.75	483.4046	2.8512	205.0808	1.2096	465309.6107
TH_08	2008-08-07	86.36	79.25	13.005	32.805	7.11	426.629	2.5225	92.4655	0.5467	199148.4227
TH_08	2008-08-08	87.26	76.1	12.989	31.68	11.16	411.4915	2.439	144.9572	0.8592	307582.3091
TH_08	2008-08-09	85.01	77.18	12.972	31.095	7.83	403.3643	2.3971	101.5708	0.6036	213697.635
TH_08	2008-08-10	82.76	77.18	12.956	29.97	5.58	388.2913	2.3132	72.2945	0.4307	149807.3664
TH_08	2008-08-11	84.65	78.26	12.939	31.455	6.39	406.9962	2.431	82.6802	0.4939	174280.9937
TH_08	2008-08-12	86.54	78.98	12.922	32.76	7.56	423.3247	2.5352	97.6903	0.585	208944.8862
TH_08	2008-08-13	93.38	79.7	12.905	36.54	13.68	471.5487	2.8315	176.5404	1.0601	394320.1784
TH_08	2008-08-14	93.38	80.96	12.887	37.17	12.42	479.0098	2.8843	160.0565	0.9638	359602.1623
TH_08	2008-08-15	97.16	82.22	12.87	39.69	14.94	510.8103	3.0839	192.2778	1.1608	443896.49
TH_08	2008-08-16	98.78	80.24	12.852	39.51	18.54	507.7825	3.0742	238.2761	1.4426	548217.2747
TH_08	2008-08-17	95	80.24	12.834	37.62	14.76	482.8151	2.9313	189.4298	1.1501	426033.4234
TH_08	2008-08-18	94.82	80.24	12.816	37.53	14.58	480.9845	2.9284	186.8573	1.1376	419227.1934
TH_08	2008-08-19	94.82	78.26	12.798	36.54	16.56	467.6389	2.8551	211.9349	1.294	469452.2562
TH_08	2008-08-20	94.82	79.43	12.78	37.125	15.39	474.4575	2.9049	196.6842	1.2042	437998.9952
TH_08	2008-08-21	94.64	80.6	12.762	37.62	14.04	480.1064	2.9478	179.1785	1.1001	400717.0605
TH_08	2008-08-22	97.34	82.4	12.743	39.87	14.94	508.0634	3.1288	190.3804	1.1724	436052.42
TH_08	2008-08-23	92.3	79.7	12.725	36	12.6	458.1	2.8291	160.335	0.9902	350925.2145
TH_08	2008-08-24	83.66	77	12.706	30.33	6.66	385.373	2.3871	84.622	0.5242	172742.6962
TH_08	2008-08-25	89.96	77.81	12.687	33.885	12.15	429.899	2.6708	154.147	0.9577	328101.6861
TH_08	2008-08-26	90.14	77.81	12.668	33.975	12.33	430.3953	2.682	156.1964	0.9733	332322.0775
TH_08	2008-08-27	92.12	77.81	12.649	34.965	14.31	442.2723	2.7643	181.0072	1.1313	389064.9217
TH_08	2008-08-28	93.92	77.81	12.63	35.865	16.11	452.975	2.8397	203.4693	1.2755	441314.7179
TH_08	2008-08-29	93.65	77.81	12.611	35.73	15.84	450.591	2.8332	199.7582	1.256	431933.6587
TH_08	2008-08-30	93.38	77.81	12.592	35.595	15.57	448.2122	2.8268	196.0574	1.2365	422626.2172
TH_08	2008-08-31	84.56	77.81	12.572	31.185	6.75	392.0578	2.4805	84.861	0.5369	173228.0865
TH_08	2008-09-01	89.6	78.62	12.553	34.11	10.98	428.1828	2.7173	137.8319	0.8747	291054.9745
TH_08	2008-09-02	93.38	76.91	12.533	35.145	16.47	440.4723	2.8042	206.4185	1.3141	440547.5841
TH_08	2008-09-03	93.74	76.91	12.514	35.325	16.83	442.0571	2.8228	210.6106	1.3449	449761.9486
TH_08	2008-09-04	82.4	75.2	12.494	28.8	7.2	359.8272	2.3051	89.9568	0.5763	177129.8328
TH_08	2008-09-05	81.59	77	12.474	29.295	4.59	365.4258	2.3485	57.2557	0.368	113266.1044
TH_08	2008-09-06	80.78	76.55	12.454	28.665	4.23	356.9939	2.3017	52.6804	0.3396	103221.3733
TH_08	2008-09-07	88.52	76.55	12.435	32.535	11.97	404.5727	2.6164	148.8469	0.9626	305530.0147
TH_08	2008-09-08	89.87	76.55	12.415	33.21	13.32	412.3021	2.675	165.3678	1.0729	341667.1227
TH_08	2008-09-09	89.87	76.1	12.395	32.985	13.77	408.8491	2.6612	170.6792	1.1109	351120.8316
TH_08	2008-09-10	89.87	76.1	12.375	32.985	13.77	408.1894	2.6655	170.4038	1.1127	349988.641
TH_08	2008-09-11	91.22	76.1	12.355	33.66	15.12	415.8693	2.7244	186.8076	1.2238	386175.8815
TH_08	2008-09-12	90.5	76.1	12.335	33.3	14.4	410.7555	2.6996	177.624	1.1674	365019.2739
TH_08	2008-09-13	92.03	76.1	12.315	34.065	15.93	419.5105	2.7661	196.178	1.2935	406190.5554
TH_08	2008-09-14	92.03	76.1	12.295	34.065	15.93	418.8292	2.7706	195.8594	1.2956	404872.2908
TH_08	2008-09-15	93.56	76.1	12.274	34.83	17.46	427.5034	2.8377	214.304	1.4225	446268.1987
TH_08	2008-09-16	93.56	76.1	12.254	34.83	17.46	426.8068	2.8423	213.9548	1.4248	444815.0307
TH_08	2008-09-17	93.56	76.1	12.234	34.83	17.46	426.1102	2.847	213.6056	1.4272	443364.2325
HA_08	2008-06-16	86.36	76.28	13.405	31.32	10.08	419.8446	2.3364	135.1224	0.752	294592.3972
HA_08	2008-06-17	87.62	76.28	13.407	31.95	11.34	428.3537	2.3831	152.0354	0.8458	334083.6539
HA_08	2008-06-18	88.88	76.28	13.408	32.58	12.6	436.8326	2.4299	168.9408	0.9397	374113.536
HA_08	2008-06-19	91.67	77	13.41	34.335	14.67	460.4324	2.5604	196.7247	1.094	444964.6545
HA_08	2008-06-20	94.46	77	13.41	35.73	17.46	479.1393	2.6644	234.1386	1.302	538349.8724
HA_08	2008-06-21	96.98	77	13.41	36.99	19.98	496.0359	2.7584	267.9318	1.4899	625104.1269
HA_08	2008-06-22	96.98	77.45	13.41	37.215	19.53	499.0532	2.7752	261.8973	1.4564	612605.6244
HA_08	2008-06-23	99.5	77.45	13.41	38.475	22.05	515.9497	2.8691	295.6905	1.6443	701643.8396
HA_08	2008-06-24	93.2	77.9	13.408	35.55	15.3	476.6544	2.6514	205.1424	1.1411	470618.9851
HA_08	2008-06-25	96.08	76.91	13.407	36.495	19.17	489.2885	2.7221	257.0122	1.4299	596082.443
HA_08	2008-06-26	93.29	76.91	13.405	35.1	16.38	470.5155	2.6184	219.5739	1.2219	500964.6596
HA_08	2008-06-27	90.5	76.91	13.403	33.705	13.59	451.7481	2.5147	182.1468	1.014	408700.2358
HA_08	2008-06-28	82.94	76.91	13.4	29.925	6.03	400.995	2.2332	80.802	0.45	173077.076
HA_08	2008-06-29	93.92	75.92	13.397	34.92	18	467.8232	2.6066	241.146	1.3436	548690.7023
HA_08	2008-06-30	96.62	77.36	13.393	36.99	19.26	495.4071	2.7619	257.9492	1.4381	601051.0317
HA_08	2008-07-01	95.9	77.36	13.389	36.63	18.54	490.4391	2.7358	248.2321	1.3847	575843.3064
HA_08	2008-07-02	96.44	78.8	13.384	37.62	17.64	503.5061	2.8108	236.0938	1.318	553737.1756
HA_08	2008-07-03	95.36	80.06	13.38	37.71	15.3	504.5598	2.8184	204.714	1.1435	480488.2418
HA_08	2008-07-04	94.28	78.44	13.374	36.36	15.84	486.2786	2.7187	211.8442	1.1844	489350.9596
HA_08	2008-07-05	91.94	78.44	13.369	35.19	13.5	470.4551	2.6322	180.4815	1.0098	411102.6052
HA_08	2008-07-06	86	78.44	13.362	32.22	7.56	430.5236	2.4113	101.0167	0.5658	221958.7133
HA_08	2008-07-07	91.58	76.82	13.356	34.2	14.76	456.7752	2.5606	197.1346	1.1051	443385.2745
HA_08	2008-07-08	86.54	76.64	13.349	31.59	9.90000000000001	421.6949	2.3665	132.1551	0.7416	287872.109
HA_08	2008-07-09	92.12	78.44	13.342	35.28	13.68	470.7058	2.6443	182.5186	1.0253	415341.3377
HA_08	2008-07-10	93.92	78.44	13.334	36.18	15.48	482.4241	2.7134	206.4103	1.1609	474382.1547
HA_08	2008-07-11	96.26	78.44	13.326	37.35	17.82	497.7261	2.8028	237.4693	1.3372	552840.9729
HA_08	2008-07-12	94.19	78.44	13.318	36.315	15.75	483.6432	2.7268	209.7585	1.1826	482252.902
HA_08	2008-07-13	92.12	79.88	13.309	36	12.24	479.124	2.7049	162.9022	0.9197	372907.1538
HA_08	2008-07-14	95.9	77.54	13.3	36.72	18.36	488.376	2.7609	244.188	1.3805	563281.1574
HA_08	2008-07-15	95.36	77.54	13.29	36.45	17.82	484.4205	2.7427	236.8278	1.3409	544192.6288
HA_08	2008-07-16	86.18	75.2	13.28	30.69	10.98	407.5632	2.311	145.8144	0.8268	312498.6901
HA_08	2008-07-17	86.9	75.47	13.27	31.185	11.43	413.8249	2.35	151.6761	0.8613	326808.8937
HA_08	2008-07-18	91.76	75.74	13.26	33.75	16.02	447.525	2.5452	212.4252	1.2081	471806.9905
HA_08	2008-07-19	98.06	77.9	13.249	37.98	20.16	503.197	2.8666	267.0998	1.5216	622688.2651
HA_08	2008-07-20	93.56	80.06	13.238	36.81	13.5	487.2908	2.7806	178.713	1.0198	410750.6637
HA_08	2008-07-21	98.78	78.98	13.226	38.88	19.8	514.2269	2.9397	261.8748	1.4971	615681.7332
HA_08	2008-07-22	99.32	78.98	13.215	39.15	20.34	517.3673	2.9625	268.7931	1.5392	633339.5756
HA_08	2008-07-23	92.12	78.98	13.202	35.55	13.14	469.3311	2.6928	173.4743	0.9953	391854.4938
HA_08	2008-07-24	92.48	78.98	13.19	35.73	13.5	471.2787	2.7089	178.065	1.0235	402704.2184
HA_08	2008-07-25	84.74	78.98	13.177	31.86	5.75999999999999	419.8192	2.4178	75.8995	0.4371	163740.9521
HA_08	2008-07-26	92.3	77.9	13.164	35.1	14.4	462.0564	2.6664	189.5616	1.0939	424715.1912
HA_08	2008-07-27	94.82	80.15	13.151	37.485	14.67	492.9652	2.8504	192.9252	1.1155	443926.6946
HA_08	2008-07-28	95.99	80.15	13.138	38.07	15.84	500.1637	2.8977	208.1059	1.2057	481583.5949
HA_08	2008-07-29	95.99	80.15	13.124	38.07	15.84	499.6307	2.9008	207.8842	1.2069	480557.78
HA_08	2008-07-30	97.16	82.4	13.11	39.78	14.76	521.5158	3.0343	193.5036	1.1259	455513.5891
HA_08	2008-07-31	90.86	79.25	13.096	35.055	11.61	459.0803	2.6768	152.0446	0.8865	338718.8741
HA_08	2008-08-01	84.56	79.25	13.081	31.905	5.31	417.3493	2.439	69.4601	0.4059	148839.0272
HA_08	2008-08-02	89.6	79.25	13.066	34.425	10.35	449.7971	2.6347	135.2331	0.7921	298350.4673
HA_08	2008-08-03	92.12	79.25	13.052	35.685	12.87	465.7606	2.7341	167.9792	0.9861	375722.734
HA_08	2008-08-04	93.56	79.25	13.036	36.405	14.31	474.5756	2.7927	186.5452	1.0977	420239.8256
HA_08	2008-08-05	93.56	79.25	13.021	36.405	14.31	474.0295	2.7959	186.3305	1.099	419273.2759
HA_08	2008-08-06	95	79.25	13.005	37.125	15.75	482.8106	2.8547	204.8288	1.2111	464166.783
HA_08	2008-08-07	86.36	79.25	12.99	32.805	7.11	426.137	2.5254	92.3589	0.5473	198689.291
HA_08	2008-08-08	87.26	76.1	12.974	31.68	11.16	411.0163	2.4418	144.7898	0.8602	306872.3128
HA_08	2008-08-09	85.01	77.18	12.957	31.095	7.83	402.8979	2.3999	101.4533	0.6043	213203.7079
HA_08	2008-08-10	82.76	77.18	12.941	29.97	5.58	387.8418	2.3159	72.2108	0.4312	149460.6839
HA_08	2008-08-11	84.65	78.26	12.924	31.455	6.39	406.5244	2.4338	82.5844	0.4944	173877.145
HA_08	2008-08-12	86.54	78.98	12.908	32.76	7.56	422.8661	2.538	97.5845	0.5857	208492.3798
HA_08	2008-08-13	93.38	79.7	12.891	36.54	13.68	471.0371	2.8345	176.3489	1.0612	393465.0854
HA_08	2008-08-14	93.38	80.96	12.874	37.17	12.42	478.5266	2.8872	159.8951	0.9647	358877.0176
HA_08	2008-08-15	97.16	82.22	12.856	39.69	14.94	510.2546	3.0873	192.0686	1.1621	442931.2731
HA_08	2008-08-16	98.78	80.24	12.839	39.51	18.54	507.2689	3.0773	238.0351	1.444	547108.7749
HA_08	2008-08-17	95	80.24	12.822	37.62	14.76	482.3636	2.934	189.2527	1.1511	425237.0994
HA_08	2008-08-18	94.82	80.24	12.804	37.53	14.58	480.5341	2.9311	186.6823	1.1387	418442.4912
HA_08	2008-08-19	94.82	78.26	12.786	36.54	16.56	467.2004	2.8578	211.7362	1.2952	468572.3084
HA_08	2008-08-20	94.82	79.43	12.768	37.125	15.39	474.012	2.9077	196.4995	1.2054	437176.8481
HA_08	2008-08-21	94.64	80.6	12.75	37.62	14.04	479.655	2.9506	179.01	1.1012	399963.8331
HA_08	2008-08-22	97.34	82.4	12.732	39.87	14.94	507.6248	3.1315	190.2161	1.1734	435299.9274
HA_08	2008-08-23	92.3	79.7	12.714	36	12.6	457.704	2.8315	160.1964	0.991	350318.7691
HA_08	2008-08-24	83.66	77	12.695	30.33	6.66	385.0394	2.3891	84.5487	0.5246	172443.7276
HA_08	2008-08-25	89.96	77.81	12.677	33.885	12.15	429.5601	2.673	154.0255	0.9584	327584.6649
HA_08	2008-08-26	90.14	77.81	12.658	33.975	12.33	430.0555	2.6841	156.0731	0.9741	331797.6207
HA_08	2008-08-27	92.12	77.81	12.64	34.965	14.31	441.9576	2.7662	180.8784	1.1321	388511.4647
HA_08	2008-08-28	93.92	77.81	12.621	35.865	16.11	452.6522	2.8417	203.3243	1.2764	440685.9899
HA_08	2008-08-29	93.65	77.81	12.602	35.73	15.84	450.2695	2.8353	199.6157	1.2569	431317.3688
HA_08	2008-08-30	93.38	77.81	12.583	35.595	15.57	447.8919	2.8288	195.9173	1.2374	422022.2977
HA_08	2008-08-31	84.56	77.81	12.564	31.185	6.75	391.8083	2.4821	84.807	0.5372	173007.6946
HA_08	2008-09-01	89.6	78.62	12.545	34.11	10.98	427.9099	2.719	137.7441	0.8752	290684.1153
HA_08	2008-09-02	93.38	78.62	12.526	36	14.76	450.936	2.874	184.8838	1.1783	398326.8842
HA_08	2008-09-03	93.74	78.62	12.506	36.18	15.12	452.4671	2.893	189.0907	1.209	407591.5063
