meanY	env_code	DL	GDD	PTT	PTR	PTD	PTD2	PTS
67.9121621621622	TH_08	13.9205	35.4954	494.0977	2.5504	185.9049	0.9573	446479.3974
69.7126436781609	HA_08	14.0771	35.5254	500.0532	2.5241	203.4073	1.0253	492778.4908
69.789156626506	ISI_08	14.1771	35.5757	504.4642	2.5093	123.0716	0.6115	299377.0942
74.2045454545455	TS_08L	15.1562	31.8659	482.218	2.1066	191.9547	0.8371	477687.393
82.1988304093567	FU_08	15.2217	28.4384	432.3075	1.8709	214.4932	0.9267	515057.9407
91.9772727272727	TS_07	15.5048	22.9114	355.5496	1.4765	211.3074	0.8802	477914.5616
101.653409090909	TS_09	15.2643	18.8952	288.6764	1.2371	189.5003	0.8144	402952.0374
103.568181818182	ISA_08	15.1617	14.9646	227.4024	0.9852	263.0997	1.1509	518815.7735
121.284090909091	TS_08E	14.4679	10.7973	157.2952	0.7417	180.3657	0.86	323676.409
