line_code	TH_08	HA_08	ISI_08	TS_08L	FU_08	TS_07	TS_09	ISA_08	TS_08E
Line1	73	72	NA	77	79	90	102	103	117
Line10	74	72	72	81	91	95	109	108	127
Line100	NA	74	80	91	106	121	138	141	160
Line101	NA	66	67	81	91	110	120	122	143
Line102	NA	80	85	89	93	105	109	117	128
Line103	66	68	68	74	84	101	112	113	135
Line104	60	62	57	63	71	87	92	90	108
Line105	61	67	64	69	76	91	102	103	123
Line106	72	76	76	86	97	103	116	116	133
Line107	95	106	103	101	112	108	123	122	141
Line108	69	71	71	88	99	110	120	118	140
Line109	68	71	70	80	85	95	104	103	124
Line11	NA	56	60	62	71	84	93	91	110
Line110	69	67	71	72	82	91	100	101	120
Line111	NA	69	67	79	84	92	102	103	122
Line112	69	67	68	76	80	93	98	102	120
Line113	68	72	70	71	79	82	89	91	106
Line114	61	68	69	73	82	92	110	112	130
Line115	65	66	73	76	85	99	112	116	132
Line116	71	72	73	83	97	100	107	110	126
Line117	74	77	78	96	108	120	137	140	161
Line118	69	72	68	66	70	80	84	87	105
Line119	73	76	79	97	110	124	132	132	155
Line12	NA	65	NA	66	71	93	100	99	125
Line120	76	79	76	80	83	87	96	99	114
Line121	59	63	63	78	89	91	103	104	115
Line122	69	68	67	69	76	91	100	103	123
Line123	69	67	67	70	78	93	102	105	125
Line124	84	NA	83	91	97	100	112	114	128
Line125	90	93	100	99	113	113	121	126	136
Line126	62	63	66	79	89	95	104	106	124
Line127	64	62	63	69	72	86	91	94	110
Line128	68	65	66	71	75	85	92	96	111
Line129	62	61	60	66	75	86	95	93	112
Line13	NA	66	66	69	75	88	101	102	119
Line130	66	65	68	84	94	101	114	117	138
Line131	73	71	69	82	91	100	119	120	141
Line132	68	67	66	77	86	100	113	115	134
Line133	75	74	76	79	91	95	103	106	122
Line134	69	68	68	76	87	96	109	111	130
Line135	65	65	68	76	79	88	92	96	114
Line136	65	64	66	83	94	103	118	117	134
Line137	65	63	65	76	86	98	111	111	130
Line138	72	73	71	90	102	115	132	133	154
Line139	NA	76	76	93	106	115	126	132	151
Line14	61	63	67	77	88	97	113	118	131
Line140	70	73	75	91	107	120	138	139	154
Line141	90	66	91	97	106	107	116	123	132
Line142	58	66	64	80	92	96	114	110	135
Line143	58	67	61	69	79	96	109	109	129
Line144	81	86	82	101	110	118	133	137	153
Line145	66	73	69	74	82	95	104	104	124
Line146	71	67	77	74	84	87	96	96	111
Line147	66	66	65	74	78	85	96	99	116
Line148	64	67	65	76	89	97	109	108	126
Line149	66	70	69	85	94	105	111	114	129
Line15	58	60	62	61	72	86	95	94	112
Line150	64	67	65	70	78	96	104	102	124
Line151	74	84	86	91	101	102	117	117	135
Line152	72	75	75	91	101	106	115	120	134
Line153	60	63	61	74	86	92	109	109	128
Line154	59	64	61	68	74	88	100	102	121
Line155	NA	72	68	79	90	100	113	115	134
Line156	NA	84	81	76	82	83	87	91	105
Line157	72	73	74	76	89	89	92	96	111
Line158	NA	69	60	64	71	87	98	96	118
Line159	59	65	62	67	75	84	94	93	114
Line16	61	65	63	64	72	87	100	98	120
Line160	59	65	60	67	75	84	97	96	115
Line161	NA	66	64	69	78	90	100	102	119
Line162	66	68	69	73	NA	88	97	99	118
Line163	NA	65	64	70	72	86	98	101	121
Line164	81	68	84	87	101	100	111	117	128
Line165	NA	67	63	71	77	90	98	101	121
Line166	59	68	63	76	87	95	106	108	128
Line167	59	64	61	76	89	96	110	112	130
Line168	NA	77	77	81	91	96	104	108	123
Line169	NA	67	65	69	79	88	100	102	121
Line17	61	64	64	70	79	94	103	103	125
Line170	NA	78	77	83	106	101	120	127	128
Line171	72	74	71	77	NA	87	100	103	118
Line172	NA	63	61	67	72	88	99	102	122
Line173	NA	66	64	67	72	90	99	100	118
Line174	NA	75	75	76	NA	88	95	98	112
Line175	NA	65	60	64	70	85	93	93	112
Line176	NA	79	76	76	NA	85	93	98	115
Line18	61	64	63	59	66	77	82	85	104
Line19	62	66	69	69	72	81	89	90	108
Line2	69	70	NA	70	75	81	89	90	107
Line20	NA	62	61	61	68	82	90	89	111
Line21	79	NA	80	76	77	83	93	94	114
Line22	66	68	69	63	71	77	82	87	105
Line23	NA	76	77	73	78	81	85	88	106
Line24	79	77	75	66	71	80	83	87	104
Line25	76	77	77	70	70	82	88	91	113
Line26	67	69	67	62	67	75	79	84	100
Line27	72	73	75	69	74	82	88	91	110
Line28	69	71	72	72	79	83	89	90	104
Line29	67	70	72	65	70	83	86	89	107
Line3	64	65	NA	70	70	88	97	95	119
Line30	73	74	72	70	76	83	88	89	104
Line31	72	72	77	77	83	90	100	101	116
Line32	72	72	74	66	72	80	87	91	104
Line33	60	65	60	62	71	84	95	93	112
Line34	62	66	66	79	90	100	114	116	138
Line35	63	64	64	64	72	84	99	97	115
Line36	61	66	68	73	82	98	107	108	131
Line37	63	68	69	69	72	89	94	95	114
Line38	60	62	60	56	64	73	78	82	96
Line39	67	69	70	59	71	78	86	87	107
Line4	62	63	NA	69	79	94	106	107	127
Line40	59	67	65	64	66	76	81	83	99
Line41	NA	62	60	61	66	82	89	89	107
Line42	71	72	70	64	69	78	84	87	102
Line43	66	66	65	74	83	96	109	108	130
Line44	75	76	76	70	76	88	93	96	113
Line45	65	69	70	70	72	82	88	90	108
Line46	58	53	60	62	69	84	93	91	111
Line47	71	68	69	75	84	85	92	95	110
Line48	NA	61	61	67	75	87	102	99	119
Line49	59	61	61	66	75	85	103	102	119
Line5	67	72	NA	62	67	79	82	85	106
Line50	61	64	63	69	77	92	103	103	124
Line51	65	68	65	79	89	103	117	118	141
Line52	60	61	59	64	70	86	95	95	113
Line53	58	63	61	81	97	99	118	125	135
Line54	65	69	66	59	65	76	81	84	99
Line55	62	67	64	70	78	91	103	106	122
Line56	65	67	67	66	70	83	88	93	110
Line57	65	66	63	64	72	83	95	97	114
Line58	71	71	66	65	71	80	85	87	98
Line59	NA	82	81	76	82	85	91	94	111
Line6	65	69	NA	70	77	94	104	105	126
Line60	61	66	65	70	81	96	103	107	129
Line61	78	79	76	70	76	83	86	89	106
Line62	67	67	64	59	66	80	85	89	107
Line63	78	77	76	69	75	82	86	89	105
Line64	67	69	67	70	77	80	90	90	107
Line65	76	74	71	65	74	80	84	88	105
Line66	67	70	66	63	69	81	82	85	102
Line67	73	74	74	67	70	78	81	84	99
Line68	62	62	61	63	70	87	94	90	111
Line69	68	72	66	61	68	78	83	89	105
Line7	80	77	NA	71	72	82	86	89	107
Line70	85	85	76	76	77	82	86	87	104
Line71	71	75	80	81	85	89	102	102	119
Line72	NA	65	64	61	65	78	84	87	105
Line73	59	65	66	76	84	96	110	110	126
Line74	72	74	73	67	68	82	86	90	107
Line75	62	65	65	70	77	89	102	99	114
Line76	60	64	61	65	72	86	95	94	113
Line77	62	69	67	73	84	96	106	105	126
Line78	81	78	77	95	104	111	124	131	149
Line79	68	73	74	89	98	104	114	117	134
Line8	65	66	NA	71	78	88	97	99	117
Line80	82	84	90	98	107	112	123	126	147
Line81	65	69	67	71	84	97	111	112	132
Line82	86	89	91	92	106	110	117	122	139
Line83	84	85	89	107	112	126	142	142	160
Line84	58	61	61	69	76	95	106	105	125
Line85	68	72	77	74	78	84	91	93	109
Line86	76	80	79	76	83	87	91	93	108
Line87	72	76	76	73	80	83	89	91	105
Line88	64	68	67	71	78	84	89	93	108
Line89	64	63	61	69	73	87	96	102	115
Line9	65	70	NA	76	85	99	109	110	131
Line90	77	80	81	90	112	128	146	151	167
Line91	68	69	68	90	106	102	117	126	135
Line92	68	72	71	78	87	100	113	113	137
Line93	67	70	72	77	90	102	115	118	138
Line94	60	63	64	78	NA	95	110	114	129
Line95	64	66	64	66	72	85	96	100	116
Line96	61	64	69	78	85	99	112	116	137
Line97	70	73	75	89	106	111	126	133	143
Line98	59	63	65	69	77	95	105	106	127
Line99	72	75	80	78	90	91	100	104	122
