env_code	pop_code	ril_code	Prd_trait_mean	Prd_trait_kPara	Obs_trait	Line_mean
DEH1_15	1	G2F_1	268.337	260.879	273.728889916452	267.679585548593
ILH1_15	1	G2F_1	267.026	267.057	279.349584986808	266.87662910997
INH1_15	1	G2F_1	238.609	252.507	250.336362610896	271.021375163672
MNH1_15	1	G2F_1	265.489	265.636	251.00044725999	270.926505928087
NEH4_15	1	G2F_1	270.433	264.91	269.031633679165	268.350622153919
OHH1_15	1	G2F_1	267.69	274.04	277.587400475829	267.128369754396
ONH1_15	1	G2F_1	275.752	265.707	252.501362612393	270.712089449172
ONH2_15	1	G2F_1	282.385	308.469	293.950307215067	264.79081164879
DEH1_15	1	G2F_10	238.785	235.835	247.031404326675	237.601257859954
ILH1_15	1	G2F_10	238.067	238.794	240.560256298977	238.895487465494
MNH1_15	1	G2F_10	210.926	245.628	220.174688044308	242.972601116428
NEH4_15	1	G2F_10	251.488	243.131	220.761867796437	242.855165166002
OHH1_15	1	G2F_10	239.525	228.176	241.509023009706	238.705734123348
ONH1_15	1	G2F_10	242.93	231.202	265.000454150344	234.007447895221
DEH1_15	1	G2F_100	227.469	219.033	226.02187562342	226.313374011007
INH1_15	1	G2F_100	179.345	216.377	194.39003369556	231.58534766565
MNH1_15	1	G2F_100	218.461	222.284	214.174688044308	228.287905274192
NEH4_15	1	G2F_100	229.45	222.096	228.568999073727	225.888853435956
OHH1_15	1	G2F_100	230.898	238.971	204.530422865098	229.895282804061
ONH1_15	1	G2F_100	228.793	214.877	254.986855911278	221.485877296364
ONH2_15	1	G2F_100	258.833	239.632	261.229244476072	220.445479202232
DEH1_15	1	G2F_101	252.748	248.592	239.155962537455	258.528944815042
MNH1_15	1	G2F_101	243.477	250.426	235.825636711278	259.195009980277
NEH4_15	1	G2F_101	250.782	246.645	258.790008835207	254.602135555491
OHH1_15	1	G2F_101	247.212	258.386	261.612874745172	254.037562373498
ONH1_15	1	G2F_101	256.004	245.104	255.021512988923	255.355834724748
ONH2_15	1	G2F_101	297.415	300.022	281.394690794628	250.081199163607
DEH1_15	1	G2F_102	256.293	247.998	246.777750926626	254.926835524593
ILH1_15	1	G2F_102	254.649	253.265	253.407194087057	253.821928331188
INH1_15	1	G2F_102	210.265	232.828	243.93785684998	255.400151204034
MNH1_15	1	G2F_102	249.68	248.842	246.499848840406	254.973152538963
NEH4_15	1	G2F_102	256.262	249.327	255.614015112553	253.454124826938
OHH1_15	1	G2F_102	256.959	262.397	242.225061456755	255.685617102905
ONH2_15	1	G2F_102	254.437	251.087	287.877036800807	248.076954545563
DEH1_15	1	G2F_103	239.583	234.769	226.789101083006	242.118630279751
ILH1_15	1	G2F_103	233.565	235.75	249.780644958231	237.520321504706
MNH1_15	1	G2F_103	222.55	229.058	249.825907490226	237.511268998307
NEH4_15	1	G2F_103	240.106	236.864	228.790008835207	241.718448729311
ONH1_15	1	G2F_103	243.852	237.588	220.014030992249	243.473644297903
ONH2_15	1	G2F_103	169.059	331.055	262.182559122844	235.039938671784
DEH1_15	1	G2F_104	250.888	241.191	262.045047343101	250.043730304676
ILH1_15	1	G2F_104	250.259	250.298	261.881377198263	250.067111753939
INH1_15	1	G2F_104	221.214	233.589	223.810053774663	255.505872243024
MNH1_15	1	G2F_104	244.353	244.762	247.999834512924	252.050189280416
NEH4_15	1	G2F_104	254.559	247.484	249.27387772413	251.868183107386
OHH1_15	1	G2F_104	251.556	259.983	256.533369895285	250.831112797221
ONH1_15	1	G2F_104	261.949	249.054	225.019806951765	255.333050360581
ONH2_15	1	G2F_104	267.656	297.08	285.787792075703	246.65190962859
DEH1_15	1	G2F_11	245.354	239.282	257.107721943437	244.878315805203
ILH1_15	1	G2F_11	247.696	247.729	238.148630917889	247.586757380282
INH1_15	1	G2F_11	223.832	232.966	233.697922559656	248.222572860029
MNH1_15	1	G2F_11	242.225	242.103	245.000283440453	246.607949877058
NEH4_15	1	G2F_11	249.527	245.353	235.538969723633	247.959566122318
OHH1_15	1	G2F_11	245.212	250.091	257.627501429012	244.804061592978
ONH1_15	1	G2F_11	251.702	244.057	235.008491513079	248.035348723826
ONH2_15	1	G2F_11	251.325	268.09	269.126411052702	243.161360218166
DEH1_15	1	G2F_12	265.998	257.552	282.580516485765	265.068961670098
ILH1_15	1	G2F_12	269.638	269.616	252.085038666437	269.42545850143
INH1_15	1	G2F_12	229.48	255.414	239.110038168593	271.279030001122
MNH1_15	1	G2F_12	260.117	262.584	259.000093851068	268.437593475054
NEH4_15	1	G2F_12	269.751	263.156	270.385856264822	266.811055987375
OHH1_15	1	G2F_12	268.688	275.774	262.862029416398	267.885888394293
ONH1_15	1	G2F_12	273.032	260.717	272.476565829709	266.512383192391
ONH2_15	1	G2F_12	291.907	288.813	299.563109493656	262.642876954685
DEH1_15	1	G2F_13	268.925	261.137	282.462154114459	268.309174483009
ILH1_15	1	G2F_13	270.927	270.97	265.125416303133	270.785851313199
INH1_15	1	G2F_13	235.367	251.05	256.743068398693	271.983329585262
MNH1_15	1	G2F_13	266.435	266.178	258.500213247887	271.73230889252
NEH4_15	1	G2F_13	273.464	268.053	260.415165630586	271.45874426642
OHH1_15	1	G2F_13	268.857	275.248	282.317287169271	268.329869760893
ONH1_15	1	G2F_13	276.979	267.108	254.987775071906	272.234085774803
ONH2_15	1	G2F_13	275.618	295.456	300.07529555959	265.793011419419
DEH1_15	1	G2F_14	253.296	246.288	240.001748284006	252.425951411601
ILH1_15	1	G2F_14	250.44	250.422	255.274204024575	250.244172020091
INH1_15	1	G2F_14	241.135	247.366	210.836757452305	256.592378673273
MNH1_15	1	G2F_14	242.422	244.758	253.500222788315	250.497597910986
NEH4_15	1	G2F_14	252.219	246.056	260.268562175764	249.530692284207
OHH1_15	1	G2F_14	249.978	255.95	262.2925540773	249.241550583988
ONH1_15	1	G2F_14	255.913	244.474	257.503172189343	249.925747996553
ONH2_15	1	G2F_14	290.679	323.818	267.306187173606	248.525317284515
DEH1_15	1	G2F_15	207.416	198.878	194.38848755812	206.329688518976
ILH1_15	1	G2F_15	204.856	204.824	206.421659930498	204.61066389435
INH1_15	1	G2F_15	191.814	201.509	155.223785586728	211.92464594346
MNH1_15	1	G2F_15	192.305	195.637	218.999697460024	202.813801390132
NEH4_15	1	G2F_15	207.466	199.963	210.182077338908	204.073461407435
OHH1_15	1	G2F_15	205.395	212.986	207.402682136538	204.470517864916
ONH1_15	1	G2F_15	210.42	196.381	217.491856750657	203.029207205756
ONH2_15	1	G2F_15	250.585	276.772	228.586060429478	201.444320965925
DEH1_15	1	G2F_16	230.93	226.031	221.919380565505	230.150406218218
ILH1_15	1	G2F_16	228.291	228.234	236.167193532429	228.1150043658
INH1_15	1	G2F_16	225.276	233.24	190.483002689017	234.641317343431
MNH1_15	1	G2F_16	221.265	224.662	232.9999968931	228.567461028562
NEH4_15	1	G2F_16	231.502	226.78	229.593787117114	229.054062425131
OHH1_15	1	G2F_16	229.864	234.046	228.572270354745	229.199993391184
ONH1_15	1	G2F_16	230.348	221.267	255.00734846505	225.42355366114
ONH2_15	1	G2F_16	271.973	285.404	238.229244476072	227.820425659566
DEH1_15	1	G2F_17	222.787	224.082	201.828413924732	226.888016437572
MNH1_15	1	G2F_17	212.407	221.208	210.499980901006	224.720124693504
NEH4_15	1	G2F_17	220.975	221.46	212.531833364229	224.212161577698
ONH1_15	1	G2F_17	214.405	208.104	250.003623910089	214.844213941233
ONH2_15	1	G2F_17	282.992	302.251	234.516627574965	218.715963025014
DEH1_15	1	G2F_18	207.469	198.431	204.536644748428	206.372289563768
ILH1_15	1	G2F_18	206.991	206.96	201.94842786725	206.742034832508
INH1_15	1	G2F_18	169.44	195.291	168.949976024242	211.456099381509
MNH1_15	1	G2F_18	196.777	199.888	202.000133723482	206.734648281617
NEH4_15	1	G2F_18	212.112	204.585	189.129988987233	208.573240386796
OHH1_15	1	G2F_18	206.947	214.793	207.076085144894	206.009512364273
ONH1_15	1	G2F_18	208.735	194.43	237.5155063435	201.661023621615
ONH2_15	1	G2F_18	242.644	250.703	237.985908855774	201.593823262718
DEH1_15	1	G2F_19	245.076	239.409	251.589325822157	244.449542574896
ILH1_15	1	G2F_19	244.61	244.599	251.462623989655	244.467642836682
INH1_15	1	G2F_19	222.815	237.758	224.812862967386	248.274751554149
MNH1_15	1	G2F_19	240.952	242.476	237.499785092754	246.462334107668
NEH4_15	1	G2F_19	248.086	243.622	240.202361977253	246.076251695597
OHH1_15	1	G2F_19	246.36	251.282	241.992702590531	245.820488750843
ONH1_15	1	G2F_19	249.035	240.649	249.999096965306	244.676718125875
ONH2_15	1	G2F_19	264.311	269.763	265.177364441389	242.50839420072
DEH1_15	1	G2F_2	202.467	194.51	201.858295699335	201.122856767814
INH1_15	1	G2F_2	187.843	199.706	167.201861214621	208.054143664756
MNH1_15	1	G2F_2	191.01	192.649	213.174688044308	198.859578298819
OHH1_15	1	G2F_2	204.421	209.703	191.517890841876	203.190937739305
ONH1_15	1	G2F_2	205.862	193.782	210.010759539714	199.492363999738
ONH2_15	1	G2F_2	232.229	234.101	223.709084198549	196.752699067971
DEH1_15	1	G2F_20	247.176	239.25	241.86851063577	246.496448078882
ILH1_15	1	G2F_20	245.038	245.086	253.153028584601	244.884374086192
INH1_15	1	G2F_20	214.118	226.867	228.006172102762	248.476782155026
MNH1_15	1	G2F_20	240.375	240.156	242.000337409024	246.477615682703
NEH4_15	1	G2F_20	247.584	241.592	249.131862133405	245.458826436363
OHH1_15	1	G2F_20	245.804	253.172	250.760313747288	245.226190491523
ONH1_15	1	G2F_20	254.182	243.391	224.993776186976	248.90712442871
ONH2_15	1	G2F_20	253.482	279.01	277.429646388121	241.416285828547
DEH1_15	1	G2F_21	282.388	276.225	271.38848755812	281.490717676925
ILH1_15	1	G2F_21	281.297	280.321	275.801447268579	280.755224391848
INH1_15	1	G2F_21	255.349	264.159	271.646504039132	281.447714930089
MNH1_15	1	G2F_21	276.958	275.566	277.500012660821	280.472130159808
NEH4_15	1	G2F_21	283.201	278.212	272.531833364229	281.300160042573
OHH1_15	1	G2F_21	279.129	282.886	290.358154811894	278.329106467962
ONH2_15	1	G2F_21	282.291	299.56	301.106353916893	276.537739950463
DEH1_15	1	G2F_22	244.496	238.324	260.02187562342	240.205991911331
INH1_15	1	G2F_22	248.402	222.043	222.036060233342	247.803154989347
MNH1_15	1	G2F_22	242.72	244.503	236.999692681439	244.810428499727
NEH4_15	1	G2F_22	249.313	246.608	247.382464973681	242.733874041279
OHH1_15	1	G2F_22	243.275	260.945	264.612874745172	239.287792086981
ONH1_15	1	G2F_22	259.509	246.575	229.998866923022	246.210593651411
DEH1_15	1	G2F_23	231.406	216.164	229.789101083006	228.816426196514
ILH1_15	1	G2F_23	230.603	228.05	228.582305707299	229.017558759132
INH1_15	1	G2F_23	175.547	204.556	193.563476736016	234.854030254346
MNH1_15	1	G2F_23	219.757	219.249	222.00013849933	230.114586627127
NEH4_15	1	G2F_23	234.517	221.99	228.081646927902	229.101001889032
OHH1_15	1	G2F_23	232.345	241.093	223.096241536322	229.931902787628
ONH2_15	1	G2F_23	256.485	265.503	277.574747772217	220.852151748313
DEH1_15	1	G2F_24	268.684	260.074	278.97253181023	267.158816850253
ILH1_15	1	G2F_24	268.611	267.161	275.902605501286	267.670471235077
INH1_15	1	G2F_24	244.274	260.372	243.712823400675	273.035434918512
MNH1_15	1	G2F_24	265.478	266.037	254.000334310547	271.320849766867
NEH4_15	1	G2F_24	271.714	264.74	270.891409048835	268.505670643819
OHH1_15	1	G2F_24	270.367	274.691	268.329083871433	268.932724840053
ONH2_15	1	G2F_24	297.369	304.237	290.116644968742	265.301464657168
DEH1_15	1	G2F_25	231.554	227.431	240.904628982265	231.752394062752
ILH1_15	1	G2F_25	238.739	239.157	194.594189841733	239.470800586174
INH1_15	1	G2F_25	210.876	234.982	207.647921487863	237.295178645153
NEH4_15	1	G2F_25	229.611	225.629	261.512473862717	228.317753249344
OHH1_15	1	G2F_25	233.475	237.3	228.760564519984	233.776404806466
ONH1_15	1	G2F_25	234.094	226.395	249.992644981495	230.237724729547
ONH2_15	1	G2F_25	261.56	244.885	248.006569682722	230.568737279343
DEH1_15	1	G2F_26	281.052	273.53	294.723533417893	281.184237893475
ILH1_15	1	G2F_26	283.167	283.078	279.835836690401	283.66552068139
INH1_15	1	G2F_26	245.405	261.432	275.467661101823	284.393549946153
NEH4_15	1	G2F_26	280.741	275.546	302.531833364229	279.882854569085
OHH1_15	1	G2F_26	283.474	289.858	279.78780946945	283.673525218215
ONH1_15	1	G2F_26	294.647	286.836	235.013584421973	291.135896059461
ONH2_15	1	G2F_26	274.889	287.228	314.468702312972	277.893376410961
DEH1_15	1	G2F_27	219.931	214.803	220.095894304186	216.903991091429
ILH1_15	1	G2F_27	216.914	219.207	230.425367508215	214.838096450623
INH1_15	1	G2F_27	242.744	201.002	205.36442271766	219.850285408734
MNH1_15	1	G2F_27	216.2	215.736	219.999479437008	216.923274064865
NEH4_15	1	G2F_27	227.456	222.282	199.942876324812	220.934594687304
OHH1_15	1	G2F_27	217.487	227.124	228.78780946945	215.165608058376
DEH1_15	1	G2F_28	253.911	247.819	261.155962537455	248.984223396369
ILH1_15	1	G2F_28	255.543	253.149	253.196210678232	250.576173768214
INH1_15	1	G2F_28	184.795	266.089	236.467661101823	253.921883683496
MNH1_15	1	G2F_28	251.796	252.474	241.000042978011	253.015407308258
NEH4_15	1	G2F_28	252.688	247.994	268.790008835207	247.457414136819
OHH1_15	1	G2F_28	258.132	268.26	245.467193388574	252.121977226146
DEH1_15	1	G2F_29	249.663	241.608	249.977095001761	249.002006560367
ILH1_15	1	G2F_29	250.45	250.501	240.889258192766	250.300268961652
INH1_15	1	G2F_29	223.452	231.57	228.650636322431	252.048643514557
MNH1_15	1	G2F_29	241.874	241.637	255.499907598055	248.213033332325
NEH4_15	1	G2F_29	251.794	245.902	245.176874125419	249.687752399844
OHH1_15	1	G2F_29	247.633	254.59	263.48810819914	247.071861817884
ONH1_15	1	G2F_29	256.974	246.315	230.008498199539	251.854663246398
ONH2_15	1	G2F_29	257.247	286.866	279.300763285216	244.812911091302
DEH1_15	1	G2F_3	250.064	243.308	244.38848755812	249.104942032475
INH1_15	1	G2F_3	233.897	240.531	226.563476736016	252.669944196896
MNH1_15	1	G2F_3	243.326	243.338	247.174497003738	248.547740143352
OHH1_15	1	G2F_3	247.092	251.38	258.729967174224	246.236646109255
ONH1_15	1	G2F_3	253.205	243.574	247.510983569634	248.480442830173
ONH2_15	1	G2F_3	268.243	292.468	265.545785678765	244.873482408346
DEH1_15	1	G2F_30	214.056	207.785	232.139157348109	212.944656331297
ILH1_15	1	G2F_30	216.442	215.725	214.315426945414	215.91527806508
INH1_15	1	G2F_30	199.662	217.851	185.201861214621	220.767539020212
MNH1_15	1	G2F_30	211.012	213.876	205.174793109127	217.438717037794
OHH1_15	1	G2F_30	217.94	221.414	208.295786833498	216.918551417066
ONH1_15	1	G2F_30	217.861	208.242	234.924169560572	212.48048762922
ONH2_15	1	G2F_30	253.614	244.831	229.755900324552	213.341865835224
DEH1_15	1	G2F_31	265.963	254.49	269.095894304186	264.587453247982
INH1_15	1	G2F_31	233.116	245.262	239.448939635136	270.516844181792
MNH1_15	1	G2F_31	259.03	257.92	259.825818193703	266.441468470079
OHH1_15	1	G2F_31	263.687	271.102	279.78780946945	262.449070214929
ONH1_15	1	G2F_31	276.797	261.861	244.998434051712	269.406945298477
ONH2_15	1	G2F_31	280.288	316.313	298.876264889909	258.631379130837
DEH1_15	1	G2F_32	235.901	231.258	221.14724731764	232.897149488089
ILH1_15	1	G2F_32	232.485	234.982	236.525267847865	230.334146066385
INH1_15	1	G2F_32	201.507	215.527	220.556191652693	232.99565876558
MNH1_15	1	G2F_32	231.036	231.66	223.00002865071	232.588352599244
NEH4_15	1	G2F_32	230.852	229.463	248.568999073727	228.326857528741
OHH1_15	1	G2F_32	232.289	243.489	238.758888321837	229.96187598739
ONH1_15	1	G2F_32	237.387	230.822	229.973521381702	231.426103810745
DEH1_15	1	G2F_33	254.118	246.287	264.9476206295	253.366475502825
ILH1_15	1	G2F_33	254.255	254.266	259.931776605442	254.083024649119
INH1_15	1	G2F_33	231.911	243.349	227.795947455091	258.673857384883
MNH1_15	1	G2F_33	250.325	251.305	240.999624369754	256.787617825646
NEH4_15	1	G2F_33	256.364	250.454	260.506853680931	254.000870781192
OHH1_15	1	G2F_33	253.745	260.015	266.802909981975	253.101434166757
ONH1_15	1	G2F_33	262.63	251.809	239.99830128194	256.930663981048
ONH2_15	1	G2F_33	279.067	307.929	277.52991514464	251.569004857805
DEH1_15	1	G2F_34	245.161	239.803	252.466092304558	244.511069244237
ILH1_15	1	G2F_34	245.479	245.452	246.72895380629	245.330660458275
INH1_15	1	G2F_34	220.408	239.233	225.129856607887	248.416245772333
MNH1_15	1	G2F_34	241.822	243.826	232.499856727961	247.363388612322
NEH4_15	1	G2F_34	246.224	241.796	254.627749077304	244.202261133845
OHH1_15	1	G2F_34	247.171	251.861	237.781717462448	246.608837078824
ONH1_15	1	G2F_34	249.399	241.131	249.994334982459	244.864177433108
ONH2_15	1	G2F_34	266.843	264.491	264.815016045309	242.746937281272
DEH1_15	1	G2F_35	259.718	251.7	251.986805481653	259.051781955417
ILH1_15	1	G2F_35	257.423	257.479	264.439196934407	257.272868890738
INH1_15	1	G2F_35	232.232	239.792	237.747211036175	261.086009733342
MNH1_15	1	G2F_35	252.623	252.123	254.999906140422	258.621339004164
NEH4_15	1	G2F_35	257.79	251.681	274.94570267361	255.771939499423
OHH1_15	1	G2F_35	257.186	264.514	268.992542115225	256.622391007764
ONH1_15	1	G2F_35	268.354	257.529	225.005991051179	262.906184016913
ONH2_15	1	G2F_35	267.831	304.443	287.231923736899	254.01676506181
DEH1_15	1	G2F_36	257.643	249.475	263.259279251569	256.96274217763
ILH1_15	1	G2F_36	256.424	256.468	268.113407388397	256.26929530094
INH1_15	1	G2F_36	222.415	238.144	241.502565643914	260.070844121581
MNH1_15	1	G2F_36	254.827	254.581	239.00002865071	260.428349406324
NEH4_15	1	G2F_36	259.478	253.518	260.660921099718	257.333936199323
OHH1_15	1	G2F_36	257.05	264.139	266.717515014708	256.468708497182
ONH1_15	1	G2F_36	266.355	255.599	235.010182361708	260.99832744761
ONH2_15	1	G2F_36	267.652	294.8	287.734575084255	253.466271344389
DEH1_15	1	G2F_37	230.295	223.695	231.175082643279	229.65289122475
ILH1_15	1	G2F_37	229.687	229.703	231.954808393574	229.541501831851
INH1_15	1	G2F_37	192.811	213.971	216.654768605731	231.727221801543
MNH1_15	1	G2F_37	224.604	225.352	226.000297767267	230.392146207038
NEH4_15	1	G2F_37	234.058	229.035	215.017872760283	231.961064065178
OHH1_15	1	G2F_37	231.484	237.775	222.224840661078	230.931497222207
ONH1_15	1	G2F_37	233.555	224.184	234.986855911278	229.108352186465
ONH2_15	1	G2F_37	235.781	234.497	260.73079447404	225.430646677499
DEH1_15	1	G2F_38	225.672	219.359	221.365836836015	225.058736533601
ILH1_15	1	G2F_38	225.058	225.078	222.341769390744	224.919317597211
INH1_15	1	G2F_38	200.213	212.069	206.018977591712	227.251144997073
MNH1_15	1	G2F_38	218.612	219.218	226.499761207343	224.325318766268
NEH4_15	1	G2F_38	227.18	222.254	220.173231186125	225.229108769299
OHH1_15	1	G2F_38	224.533	230.251	228.698075562018	224.011273858458
ONH1_15	1	G2F_38	229.285	220.223	222.487214531894	224.898539719904
ONH2_15	1	G2F_38	236.31	251.402	249.19212626537	221.083552329407
DEH1_15	1	G2F_39	228.159	222.627	220.553150850647	221.778359482292
ILH1_15	1	G2F_39	227.757	219.352	219.243028900984	222.040383872224
INH1_15	1	G2F_39	93.46	274.3	208.929945144693	224.103000623482
MNH1_15	1	G2F_39	221.669	224.085	211.174369508434	223.654115750734
OHH1_15	1	G2F_39	234.739	242.513	194.530422865098	226.982905079401
ONH1_15	1	G2F_39	211.863	211.07	275.014030992249	210.886183453971
DEH1_15	1	G2F_4	247.503	240.752	245.902567656343	246.820619082542
ILH1_15	1	G2F_4	246.999	247.011	245.734596217056	246.84461500244
INH1_15	1	G2F_4	211.59	231.827	230.39003369556	249.036695362654
MNH1_15	1	G2F_4	242.852	243.696	233.174688044308	248.638887598547
NEH4_15	1	G2F_4	249.141	243.832	244.797467768143	246.978490495142
OHH1_15	1	G2F_4	246.804	252.804	250.096241536322	246.221522813974
ONH1_15	1	G2F_4	251.001	241.204	249.999299794331	246.235371634258
ONH2_15	1	G2F_4	260.514	270.777	273.552006522074	242.87069924458
DEH1_15	1	G2F_40	225.681	210.479	198.02187562342	213.114777213711
ILH1_15	1	G2F_40	222.489	222.004	204.875601905281	211.744031957339
INH1_15	1	G2F_40	167.07	237.649	170.201861214621	218.678780095471
MNH1_15	1	G2F_40	203.955	206.515	224.173933462401	207.884365645915
OHH1_15	1	G2F_40	221.972	248.201	211.295786833498	210.459994971696
ONH1_15	1	G2F_40	215.859	200.971	255.026702652756	201.713811807844
DEH1_15	1	G2F_41	226.639	215.035	194.14724731764	216.888014929054
ILH1_15	1	G2F_41	215.5	213.743	234.168564554793	208.883751481623
INH1_15	1	G2F_41	80.053	210.966	192.338142010345	217.249835990513
MNH1_15	1	G2F_41	214.625	216.342	192.174369508434	217.282590490895
OHH1_15	1	G2F_41	222.121	244.274	210.760564519984	213.565351488585
ONH1_15	1	G2F_41	212.909	204.164	254.998434051712	204.717777582239
DEH1_15	1	G2F_42	218.153	210.358	231.584426354391	212.337226147153
ILH1_15	1	G2F_42	221.731	222.152	214.875601905281	215.678991036975
INH1_15	1	G2F_42	258.788	239.047	186.467661101823	221.360579197667
MNH1_15	1	G2F_42	210.18	211.566	230.825588952285	212.488993627574
OHH1_15	1	G2F_42	222.45	242.278	214.530422865098	215.748026845012
ONH1_15	1	G2F_42	229.594	215.183	214.986855911278	215.656740235776
DEH1_15	1	G2F_43	223.373	216.965	196.031404326675	217.058635709752
ILH1_15	1	G2F_43	216.801	212.713	219.243028900984	212.41631079489
INH1_15	1	G2F_43	131.722	237.673	200.929945144693	216.078927546148
MNH1_15	1	G2F_43	212.41	213.98	210.825907490226	214.099735077042
OHH1_15	1	G2F_43	222.372	234.361	199.309017563254	216.403113062436
ONH1_15	1	G2F_43	206.745	205.174	254.985279449602	205.267860685166
DEH1_15	1	G2F_44	226.123	216.396	217.553150850647	219.011112123613
ILH1_15	1	G2F_44	226.503	229.813	212.752282231808	219.971285847381
INH1_15	1	G2F_44	260.347	223.44	188.895290498114	224.74268419412
MNH1_15	1	G2F_44	212.541	213.638	237.824996752514	214.95674294324
OHH1_15	1	G2F_44	222.612	241.181	230.561926206545	216.409357052434
ONH1_15	1	G2F_44	230.451	216.833	225.021064929085	217.517529307926
DEH1_15	1	G2F_45	238.416	234.589	228.031404326675	237.49436100157
MNH1_15	1	G2F_45	211.212	238.336	219.175257808727	239.708397631057
NEH4_15	1	G2F_45	240.834	234.149	238.568999073727	234.859962314807
OHH1_15	1	G2F_45	234.496	285.572	242.309017563254	233.924957692425
ONH1_15	1	G2F_45	244.733	227.992	249.924169560572	232.021169693096
DEH1_15	1	G2F_46	224.913	222.19	225.553150850647	238.807637244237
NEH4_15	1	G2F_46	226.646	224.881	231.739829637732	237.260967547466
OHH1_15	1	G2F_46	223.924	241.466	227.358154811894	238.356386253926
ONH1_15	1	G2F_46	234.948	224.396	224.995907276122	238.946948137869
ONH2_15	1	G2F_46	220.619	230.31	271.136657251201	227.411760644099
DEH1_15	1	G2F_47	237.971	234.567	229.789101083006	235.248870917167
ILH1_15	1	G2F_47	234.029	233.64	243.582305707299	232.490229992308
INH1_15	1	G2F_47	217.607	234.8	227.647921487863	235.677106836195
MNH1_15	1	G2F_47	234.258	234.358	232.173933462401	234.771904441288
NEH4_15	1	G2F_47	235.025	233.275	241.739829637732	232.858725206222
OHH1_15	1	G2F_47	237.55	245.961	231.100364290539	234.98661827566
DEH1_15	1	G2F_48	234.876	233.461	225.834453615198	235.6940210217
MNH1_15	1	G2F_48	227.881	230.063	237.500103402034	233.360891064333
NEH4_15	1	G2F_48	230.348	228.296	248.278357543988	231.205240235942
OHH1_15	1	G2F_48	233.75	236.054	230.467193388574	234.767473067025
ONH1_15	1	G2F_48	236.977	235.382	220.018548974445	236.85720194985
ONH2_15	1	G2F_48	209.756	235.627	242.205901799458	232.419731384848
DEH1_15	1	G2F_49	242.534	238.364	230.31081490461	241.841569195073
ILH1_15	1	G2F_49	239.303	239.252	249.168564554793	239.147604959332
INH1_15	1	G2F_49	220.302	239.131	215.435853537296	243.966563676118
MNH1_15	1	G2F_49	234.849	237.815	236.000191030706	241.028801177059
NEH4_15	1	G2F_49	243.497	239.369	234.122196293291	241.297086139547
OHH1_15	1	G2F_49	242.787	246.95	227.844135922012	242.193951906872
ONH1_15	1	G2F_49	239.561	231.538	275.003960420181	235.45683412142
ONH2_15	1	G2F_49	269.715	263.018	255.31608260723	238.269388094698
DEH1_15	1	G2F_5	251.787	241.953	262.665522590367	250.665201128184
ILH1_15	1	G2F_5	256.277	255.393	232.187417399982	255.744885326582
INH1_15	1	G2F_5	218.512	234.035	231.341990860603	255.885789749811
MNH1_15	1	G2F_5	247.35	246.892	243.50011629267	253.859435511134
OHH1_15	1	G2F_5	250.165	256.241	271.686719632578	249.161668287816
ONH1_15	1	G2F_5	260.201	247.494	242.517547960667	254.023196899801
ONH2_15	1	G2F_5	267.089	289.729	282.757414622605	247.316552456145
DEH1_15	1	G2F_50	250.778	239.146	239.553150850647	249.362129299972
ILH1_15	1	G2F_50	248.922	248.889	244.875601905281	248.60177914931
INH1_15	1	G2F_50	207.436	235.331	196.56181003814	255.503749416044
MNH1_15	1	G2F_50	238.23	241.922	230.825636711278	250.608917034168
NEH4_15	1	G2F_50	251.024	241.05	258.797294713795	246.612965890951
OHH1_15	1	G2F_50	247.398	257.222	261.729967174224	246.194012682318
ONH1_15	1	G2F_50	254.543	235.958	269.988694232534	245.014194531131
ONH2_15	1	G2F_50	303.267	334.637	282.755900324552	243.190307946557
DEH1_15	1	G2F_51	238.338	230.435	247.440085661378	237.41065624581
ILH1_15	1	G2F_51	238.786	238.756	239.294075876488	238.574371929365
INH1_15	1	G2F_51	227.476	236.047	195.929945144693	244.769247748193
MNH1_15	1	G2F_51	230.552	233.314	235.99992668843	239.044964670516
NEH4_15	1	G2F_51	240.716	234.28	244.704291997854	237.801483912027
OHH1_15	1	G2F_51	237.904	244.009	249.540916337332	237.110537577816
ONH1_15	1	G2F_51	245.049	233.018	240.020366822503	238.470616079935
ONH2_15	1	G2F_51	281.514	309.819	256.385070853367	236.132801218383
DEH1_15	1	G2F_52	252.617	244.708	257.069614414671	251.678892540747
ILH1_15	1	G2F_52	251.656	251.629	258.719619789608	251.443177487185
INH1_15	1	G2F_52	221.195	243.339	220.299768484679	256.931727673603
MNH1_15	1	G2F_52	245.19	247.848	243.999988781325	253.54598191694
NEH4_15	1	G2F_52	254.878	248.362	255.352372060624	251.92421287704
OHH1_15	1	G2F_52	254.511	261.612	242.893383433812	253.704068395156
ONH1_15	1	G2F_52	257.756	245.551	259.999997541044	251.260266379837
ONH2_15	1	G2F_52	282.582	286.287	280.48711769414	248.333534929395
DEH1_15	1	G2F_53	246.836	239.015	256.556010488007	246.090320391143
ILH1_15	1	G2F_53	248.483	248.497	241.001858736489	248.312342069931
INH1_15	1	G2F_53	212.049	231.824	227.655949691607	250.218900504914
MNH1_15	1	G2F_53	242.355	243.284	237.000214910202	248.884005473686
NEH4_15	1	G2F_53	249.563	243.68	248.782271156294	247.200854581388
OHH1_15	1	G2F_53	247.594	254.275	250.512877003861	246.953625174592
ONH1_15	1	G2F_53	253.943	243.139	239.987775071906	248.457211164872
ONH2_15	1	G2F_53	261.584	271.978	277.691296167641	243.070993865481
DEH1_15	1	G2F_54	246.514	236.407	239.525938149952	245.581250416514
ILH1_15	1	G2F_54	245.693	245.737	240.220974718331	245.481959478175
INH1_15	1	G2F_54	207.071	223.546	216.929945144693	248.809249417266
MNH1_15	1	G2F_54	236.12	236.569	245.499780308816	244.72784439382
NEH4_15	1	G2F_54	246.876	239.048	250.841352981272	243.964762583469
OHH1_15	1	G2F_54	244.248	253.375	254.40902028648	243.455095825582
ONH1_15	1	G2F_54	254.287	240.095	227.508710132523	247.297997276147
ONH2_15	1	G2F_54	260.843	290.927	283.658969343486	239.276531674581
DEH1_15	1	G2F_55	198.635	193.969	187.139157348109	197.52452430848
ILH1_15	1	G2F_55	197.537	197.392	188.807506794745	197.286188673247
INH1_15	1	G2F_55	172.374	205.725	151.338142010345	202.638955071018
MNH1_15	1	G2F_55	188.254	194.959	183.825878836599	197.997849810125
NEH4_15	1	G2F_55	202.498	197.089	177.382464973681	198.918337504827
OHH1_15	1	G2F_55	198.844	202.658	184.561926206545	197.892700185847
ONH1_15	1	G2F_55	188.575	177.492	290.031261567824	182.825652277093
ONH2_15	1	G2F_55	260.501	236.742	206.724489769624	194.726619676835
DEH1_15	1	G2F_56	226.047	214.248	215.584426354391	224.683257345018
ILH1_15	1	G2F_56	223.19	223.174	228.196210678232	222.881573870184
INH1_15	1	G2F_56	191.21	211.02	170.059578070404	231.186807099874
MNH1_15	1	G2F_56	209.869	213.162	229.825025411614	222.648886051129
NEH4_15	1	G2F_56	227.143	217.262	228.278357543988	222.869838603647
OHH1_15	1	G2F_56	224.6	235.224	224.309017563254	223.436887172324
ONH1_15	1	G2F_56	232.129	213.768	229.988694232534	222.625504790998
ONH2_15	1	G2F_56	270.001	298.927	262.125917915102	218.034472836345
DEH1_15	1	G2F_57	267.979	260.591	281.879754498835	267.343088495556
ILH1_15	1	G2F_57	271.781	271.808	251.835827323527	271.635078092029
INH1_15	1	G2F_57	243.487	255.158	249.742499934239	271.934124861927
MNH1_15	1	G2F_57	262.192	262.684	274.999683130474	268.325955833894
NEH4_15	1	G2F_57	271.711	266.429	265.592485660232	269.669841186785
OHH1_15	1	G2F_57	268.668	274.773	276.431603284152	268.12139581194
ONH1_15	1	G2F_57	276.052	266.389	254.98755250092	271.184831638116
ONH2_15	1	G2F_57	277.809	290.694	297.81196763535	265.067058047483
DEH1_15	1	G2F_58	211.663	203.891	214.587260277577	210.131071722388
ILH1_15	1	G2F_58	209.926	208.524	221.420815585782	208.992145837687
INH1_15	1	G2F_58	198.493	208.734	178.965675365728	216.068002541029
MNH1_15	1	G2F_58	205.428	206.393	205.99978508684	211.562317587511
NEH4_15	1	G2F_58	212.462	205.764	219.448466352245	209.320870709943
OHH1_15	1	G2F_58	212.623	216.545	208.227198174108	211.191082072966
ONH2_15	1	G2F_58	247.395	256.883	226.724489769624	208.10820014038
DEH1_15	1	G2F_59	242.426	235.691	239.904628982264	235.339743909465
ILH1_15	1	G2F_59	241.875	251.894	238.807506794745	235.559168346969
INH1_15	1	G2F_59	187.862	258.758	211.059578070404	241.108754091837
MNH1_15	1	G2F_59	233.676	238.454	233.825818193703	236.555506067177
NEH4_15	1	G2F_59	248.261	244.771	228.081646927902	237.704340320338
ONH1_15	1	G2F_59	239.593	232.565	264.924169560572	230.335835793804
DEH1_15	1	G2F_6	260.456	249.931	266.763822453115	259.664351253994
ILH1_15	1	G2F_6	260.731	260.81	260.560256298977	260.550574990299
INH1_15	1	G2F_6	233.04	237.871	234.086977032613	264.332472028351
MNH1_15	1	G2F_6	252.328	251.435	265.499995230785	259.844898000041
NEH4_15	1	G2F_6	262.365	254.889	265.280725742656	259.876222212631
OHH1_15	1	G2F_6	258.481	267.495	279.760564519984	257.80767381587
ONH1_15	1	G2F_6	273.715	260.383	215.018101175417	267.056597150808
ONH2_15	1	G2F_6	269.523	317.427	297.443838777526	255.281491779078
DEH1_15	1	G2F_60	245.683	244.582	251.723533417893	246.320797143948
ILH1_15	1	G2F_60	248.61	248.136	244.835836690401	248.042721325821
NEH4_15	1	G2F_60	249.338	249.426	240.618575160501	249.097036708296
OHH1_15	1	G2F_60	246.264	234.831	249.904607164318	246.775528707342
ONH1_15	1	G2F_60	232.59	246.272	249.924169560572	246.770638108278
DEH1_15	1	G2F_61	214.748	207.686	216.584426354391	209.426715678109
ILH1_15	1	G2F_61	212.601	211.547	222.752282231809	208.193144502626
INH1_15	1	G2F_61	144.476	211.248	195.839653466618	213.575670255664
MNH1_15	1	G2F_61	211.883	212.219	198.174789784496	213.108642992088
NEH4_15	1	G2F_61	214.888	209.543	220.804926701079	208.582615608772
OHH1_15	1	G2F_61	216.577	229.703	209.561926206545	210.831215707679
DEH1_15	1	G2F_62	226.89	225.598	225.584426354391	224.837208048667
ILH1_15	1	G2F_62	226.038	221.756	228.582305707299	224.337561489849
INH1_15	1	G2F_62	159.126	253.303	220.36442271766	225.707208654789
MNH1_15	1	G2F_62	225.584	227.195	214.175257808727	226.738736139611
NEH4_15	1	G2F_62	223.911	221.508	241.739829637732	222.144640834777
OHH1_15	1	G2F_62	231.13	237.63	204.162132626252	228.40759033669
ONH1_15	1	G2F_62	224.655	222.679	239.999299794331	222.43472914201
DEH1_15	1	G2F_63	242.419	236.087	255.526639975047	241.686099666272
ILH1_15	1	G2F_63	243.778	243.751	242.059315403133	243.610003176546
INH1_15	1	G2F_63	214.911	235.781	220.458300368479	246.69586246721
MNH1_15	1	G2F_63	240.612	242.683	221.174789784496	246.593506836351
NEH4_15	1	G2F_63	244.853	239.802	249.489686026351	242.548521658943
OHH1_15	1	G2F_63	243.752	248.744	245.485514778533	243.120546122917
ONH1_15	1	G2F_63	247.568	238.115	249.998434051712	242.475843369606
ONH2_15	1	G2F_63	270.207	275.681	263.136657251201	240.598954341107
DEH1_15	1	G2F_64	228.152	222.553	223.834453615198	226.918259520374
INH1_15	1	G2F_64	211.889	218.844	216.059578070404	228.861978406572
MNH1_15	1	G2F_64	223.001	221.674	228.174497003738	225.833248673239
OHH1_15	1	G2F_64	228.417	230.24	222.561926206545	227.236391372537
ONH2_15	1	G2F_64	231.856	232.455	240.877036800807	222.657613723971
DEH1_15	1	G2F_65	219.607	210.492	218.904628982264	217.71080096579
INH1_15	1	G2F_65	200.977	208.457	199.39003369556	222.589449787466
MNH1_15	1	G2F_65	217.155	215.49	205.174369508434	221.143365834248
OHH1_15	1	G2F_65	215.902	218.269	233.096241536322	214.162897827276
ONH2_15	1	G2F_65	244.008	263.291	233.182559122844	214.141318430645
DEH1_15	1	G2F_66	233.59	222.201	236.778993516545	233.915509591139
ILH1_15	1	G2F_66	232.224	232.498	239.503836607757	233.461369075937
INH1_15	1	G2F_66	190.119	216.149	195.726974796097	240.757512711214
NEH4_15	1	G2F_66	236.508	227.721	234.440673658303	234.305229567513
OHH1_15	1	G2F_66	233.645	244.01	235.4335889108	234.139743692096
ONH1_15	1	G2F_66	242.807	226.556	224.985279449602	235.881128602296
ONH2_15	1	G2F_66	262.681	287.699	273.402704124275	227.811557823184
DEH1_15	1	G2F_67	224.215	218.968	233.155962537455	218.443868689606
ILH1_15	1	G2F_67	228.567	234.483	219.875601905281	221.763958847649
INH1_15	1	G2F_67	176.994	238.185	206.56181003814	225.092406814434
MNH1_15	1	G2F_67	222.569	224.348	215.825588952285	222.776462085898
NEH4_15	1	G2F_67	226.198	222.361	231.512473862717	218.85474085829
DEH1_15	1	G2F_68	223.259	215.652	228.02187562342	223.348257362416
INH1_15	1	G2F_68	235.373	230.59	188.059578070404	233.33883175067
OHH1_15	1	G2F_68	219.56	223.86	242.358154811893	219.764187565298
ONH1_15	1	G2F_68	227.453	216.269	229.985734831254	222.857292560457
ONH2_15	1	G2F_68	267.3	302.412	232.989561736112	222.106335834243
DEH1_15	1	G2F_69	245.038	239.768	257.175082643279	241.412730707892
ILH1_15	1	G2F_69	246.987	246.661	248.609821033897	243.125783029769
INH1_15	1	G2F_69	215.948	245.502	230.646504039132	246.718446428722
MNH1_15	1	G2F_69	244.213	244.404	238.174789784496	245.212789279649
NEH4_15	1	G2F_69	250.976	245.443	241.556453537043	244.53645652914
OHH1_15	1	G2F_69	247.48	255.386	248.076085144894	243.232530207569
DEH1_15	1	G2F_7	257.67	251.298	266.727911659852	256.989614058443
ILH1_15	1	G2F_7	257.422	257.414	264.788027086294	257.266740426094
INH1_15	1	G2F_7	229.347	248.056	238.283141966141	261.053152586116
MNH1_15	1	G2F_7	254.092	255.584	245.999746878126	259.950780455832
NEH4_15	1	G2F_7	259.313	254.314	265.373901512945	257.183044079429
OHH1_15	1	G2F_7	260.053	265.787	249.403026159559	259.464597701342
ONH1_15	1	G2F_7	264.004	254.769	252.515857859084	259.019907458552
ONH2_15	1	G2F_7	275.339	277.172	282.56359694695	254.727373303143
DEH1_15	1	G2F_70	248.418	241.665	242.828413924732	243.730895335434
ILH1_15	1	G2F_70	246.981	248.367	246.379843494357	243.020609421509
INH1_15	1	G2F_70	267.717	239.063	227.036060233342	246.889366073712
MNH1_15	1	G2F_70	241.082	240.917	250.825025411614	242.131573038058
NEH4_15	1	G2F_70	250.034	245.066	242.508940373539	243.794790045673
OHH1_15	1	G2F_70	245.831	256.749	251.904607164318	241.915656687517
DEH1_15	1	G2F_71	229.68	221.524	218.723533417893	234.27833407768
ILH1_15	1	G2F_71	223.748	224.753	240.801447268579	229.862751307543
MNH1_15	1	G2F_71	220.022	223.773	215.174793109127	234.988082139433
NEH4_15	1	G2F_71	231.329	224.518	221.739829637732	233.675074833712
OHH1_15	1	G2F_71	226.119	234.972	233.919700048411	231.239100751577
ONH2_15	1	G2F_71	261.218	277.534	259.755900324552	226.071860696348
DEH1_15	1	G2F_72	238.046	233.613	219.902567656343	240.916238909822
ILH1_15	1	G2F_72	235.573	235.989	228.582305707299	239.180291299631
MNH1_15	1	G2F_72	223.248	227.722	238.825907490226	237.131570943046
NEH4_15	1	G2F_72	234.966	229.485	241.512473862717	236.594257668548
OHH1_15	1	G2F_72	234.143	240.092	236.904607164318	237.515831008227
ONH2_15	1	G2F_72	218.717	247.411	258.755900324552	233.145572376181
DEH1_15	1	G2F_73	245.021	234.426	241.625928420821	243.647909731441
ILH1_15	1	G2F_73	245.105	245.047	233.609821033897	244.793067929573
INH1_15	1	G2F_73	210.54	236.649	189.56181003814	251.085640928966
MNH1_15	1	G2F_73	232.824	237.28	231.824996752514	245.048042826913
NEH4_15	1	G2F_73	245.973	236.759	255.306740146066	241.693508056406
OHH1_15	1	G2F_73	243.314	252.015	252.162132626252	242.142737702093
ONH1_15	1	G2F_73	248.731	231.427	270.009499698077	239.59311383469
ONH2_15	1	G2F_73	301.996	323.207	273.060367825138	239.157275530824
DEH1_15	1	G2F_74	252.655	243.015	243.553150850647	251.695772581106
ILH1_15	1	G2F_74	250.598	250.625	252.752282231809	250.381610955225
INH1_15	1	G2F_74	223.935	235.165	215.338142010345	255.72648812972
MNH1_15	1	G2F_74	242.135	243.165	249.174353748741	250.892743595664
NEH4_15	1	G2F_74	254.899	247.287	242.508940373539	251.844945506407
OHH1_15	1	G2F_74	248.477	256.627	271.760564519984	247.666142056915
ONH1_15	1	G2F_74	257.569	243.533	250.000454150344	250.774729252578
ONH2_15	1	G2F_74	280.084	323.119	280.335671032978	246.441126840773
DEH1_15	1	G2F_75	236.137	224.665	220.396213924041	234.693934403168
ILH1_15	1	G2F_75	232.139	232.099	240.560256298977	231.813356921034
INH1_15	1	G2F_75	178.28	216.759	187.780963798536	239.353255849669
MNH1_15	1	G2F_75	225.853	229.634	198.499920476313	237.821976324272
NEH4_15	1	G2F_75	233.559	223.452	259.27387772413	229.139982431727
OHH1_15	1	G2F_75	234.151	244.472	232.803254004996	232.921500105889
ONH1_15	1	G2F_75	239.861	221.143	252.509622131102	230.106304659302
ONH2_15	1	G2F_75	284.828	303.334	271.429646388121	227.403444051156
DEH1_15	1	G2F_76	240.978	235.485	241.986456956256	241.229808260238
ILH1_15	1	G2F_76	241.223	241.703	236.313942068545	242.17522740819
INH1_15	1	G2F_76	228.881	245.313	202.745877591416	247.769904821045
NEH4_15	1	G2F_76	239.833	234.619	260.393648958764	238.161942926487
OHH1_15	1	G2F_76	242.107	247.614	234.428403028153	242.489483914922
ONH1_15	1	G2F_76	243.629	233.361	257.48755250092	238.646292336128
ONH2_15	1	G2F_76	282.999	285.274	256.009425413632	238.892646850676
DEH1_15	1	G2F_77	234.134	225.628	229.103243484977	233.123325632899
ILH1_15	1	G2F_77	232.524	232.503	234.901642599981	232.294982902185
INH1_15	1	G2F_77	199.903	221.965	197.775029551923	237.598784766193
MNH1_15	1	G2F_77	224.233	226.862	227.499777212907	233.352392243195
NEH4_15	1	G2F_77	235.474	228.32	234.887623009411	232.296985700837
OHH1_15	1	G2F_77	233.996	241.687	229.046174535821	233.131478339922
ONH1_15	1	G2F_77	237.732	224.369	245.021496545547	230.849289481389
ONH2_15	1	G2F_77	265.228	275.915	262.731535974706	228.319283848652
DEH1_15	1	G2F_78	244.687	239.859	245.462221639882	244.092432219343
ILH1_15	1	G2F_78	244.609	244.588	242.791046113405	244.474028723125
INH1_15	1	G2F_78	221.533	238.112	225.614843581089	246.927771942027
MNH1_15	1	G2F_78	240.44	242.187	234.999851943736	245.587056461649
NEH4_15	1	G2F_78	246.733	242.697	240.264919236469	244.834903991259
OHH1_15	1	G2F_78	244.847	248.984	243.745265847104	244.337711618311
ONH1_15	1	G2F_78	245.889	238.243	259.992638723354	242.016658350275
ONH2_15	1	G2F_78	264.5	266.523	261.238460090242	241.838683869291
DEH1_15	1	G2F_79	251.574	245.839	254.709945942397	251.801360443105
ILH1_15	1	G2F_79	248.565	248.948	268.889192794345	249.438152634447
INH1_15	1	G2F_79	234.075	251.452	220.061746983519	257.576060269585
NEH4_15	1	G2F_79	252.455	247.488	259.957149168955	250.926826572012
OHH1_15	1	G2F_79	255.062	261.072	233.076085144894	255.407003909356
ONH1_15	1	G2F_79	255.992	246.303	257.51357840155	251.33408836658
ONH2_15	1	G2F_79	282.53	281.408	271.310410165368	249.034616405943
DEH1_15	1	G2F_8	257.379	249.606	253.902567656343	256.629625340252
ILH1_15	1	G2F_8	257.491	257.515	249.062105942305	257.321119870829
INH1_15	1	G2F_8	219.632	238.903	237.338142010344	258.995971861109
MNH1_15	1	G2F_8	251.99	252.557	241.825315277107	258.354947108714
NEH4_15	1	G2F_8	258.36	252.295	258.278357543988	256.00451249916
OHH1_15	1	G2F_8	255	261.636	269.760564519984	254.364197216875
ONH1_15	1	G2F_8	261.815	250.728	254.986855911278	256.474727018118
ONH2_15	1	G2F_8	272.194	293.705	285.156036176757	252.16484412305
DEH1_15	1	G2F_80	228.105	221.278	210.902567656343	228.518328231901
INH1_15	1	G2F_80	197.432	218.513	194.063915896633	231.886058583843
NEH4_15	1	G2F_80	225.74	219.488	232.531833364229	224.192475090324
OHH1_15	1	G2F_80	224.639	231.727	227.561926206545	225.186456521861
ONH1_15	1	G2F_80	227.588	215.501	240.031261567824	222.692589449605
ONH2_15	1	G2F_80	255.811	274.256	248.402704124275	221.018300938315
DEH1_15	1	G2F_81	263.18	253.134	242.808757503869	262.140629248413
ILH1_15	1	G2F_81	260.71	260.738	254.460105152478	260.476151012898
INH1_15	1	G2F_81	220.515	239.979	227.334761158222	264.351200154934
MNH1_15	1	G2F_81	249.53	250.735	263.49989493082	259.184752473135
NEH4_15	1	G2F_81	262.931	254.689	260.06247683186	259.675812201558
OHH1_15	1	G2F_81	259.336	268.67	268.598580281399	258.456368851623
ONH1_15	1	G2F_81	266.582	251.462	262.50362160349	259.327077234182
ONH2_15	1	G2F_81	282.861	310.946	298.524964780625	254.18117106602
DEH1_15	1	G2F_82	263.064	255.728	289.256317250449	262.252910118255
ILH1_15	1	G2F_82	266.075	266.044	263.807506794745	265.88845446907
INH1_15	1	G2F_82	252.263	262.983	229.853041054768	270.739092431924
MNH1_15	1	G2F_82	257.977	260.607	266.000582649476	265.575157918394
NEH4_15	1	G2F_82	267.589	262.011	269.942876324812	265.011973107632
OHH1_15	1	G2F_82	266.735	272.437	262.814663007413	266.030289295832
ONH1_15	1	G2F_82	272.808	262.351	257.475436106664	266.793035995939
ONH2_15	1	G2F_82	297.61	306.794	285.876264889909	262.73577474119
DEH1_15	1	G2F_83	248.454	238.806	234.904628982265	248.418340598325
ILH1_15	1	G2F_83	242.553	241.65	260.425367508215	243.314192893135
INH1_15	1	G2F_83	205.479	232.945	214.895290498114	252.420208295155
OHH1_15	1	G2F_83	248.565	256.062	233.612874745172	248.676691445744
ONH1_15	1	G2F_83	250.474	235.304	255.021512988923	244.394963796993
ONH2_15	1	G2F_83	271.829	278.493	278.136657251201	239.771934944538
DEH1_15	1	G2F_84	246.435	237.942	252.002771508487	245.566509063615
ILH1_15	1	G2F_84	245.953	245.958	250.680851783778	245.755354738573
INH1_15	1	G2F_84	218.15	233.83	216.31152740321	250.665258221511
MNH1_15	1	G2F_84	237.685	239.294	249.99953675086	245.852685457561
NEH4_15	1	G2F_84	247.631	240.973	256.477468444128	244.927266644237
OHH1_15	1	G2F_84	248.517	256.377	236.587880694696	247.768636322728
ONH1_15	1	G2F_84	255.248	243.049	230.031261567824	248.705296197995
ONH2_15	1	G2F_84	266.221	276.487	278.877036800807	241.727328307569
DEH1_15	1	G2F_85	243.337	237.166	234.840160329289	242.9636139629
ILH1_15	1	G2F_85	240.908	239.778	244.834198204599	240.964806387838
INH1_15	1	G2F_85	225.18	234.141	223.051854120433	245.321275204671
NEH4_15	1	G2F_85	242.349	236.854	245.653117543667	240.801022520024
OHH1_15	1	G2F_85	241.363	244.841	244.296643970364	241.072317234685
ONH2_15	1	G2F_85	258.996	271.905	256.982255975435	238.53519483367
DEH1_15	1	G2F_86	232.392	224.617	223.095894304186	232.910692166833
INH1_15	1	G2F_86	174.061	211.155	209.467661101823	236.317750467424
NEH4_15	1	G2F_86	232.433	226.742	230.761867796437	230.99419879377
ONH1_15	1	G2F_86	237.506	225.675	225.018548974445	232.430028499269
ONH2_15	1	G2F_86	238.715	273.069	266.394690794628	222.085993044223
DEH1_15	1	G2F_87	227.807	219.242	226.031404326675	226.745601582521
ILH1_15	1	G2F_87	226.359	226.323	230.425367508215	226.117892556587
INH1_15	1	G2F_87	186.8	215.676	193.059578070404	231.455862476274
MNH1_15	1	G2F_87	221.1	224.09	203.173933462401	230.010954563132
NEH4_15	1	G2F_87	233.909	226.786	200.182077338908	230.438362580774
OHH1_15	1	G2F_87	226.051	233.003	237.224840661078	225.146539249035
ONH1_15	1	G2F_87	227.034	213.35	269.924169560572	220.475206549108
ONH2_15	1	G2F_87	267.379	281.637	253.229244476072	222.860195846893
DEH1_15	1	G2F_88	257.728	254.284	279.621369704506	257.589856684963
INH1_15	1	G2F_88	235.004	246.78	266.839653466618	259.72014272461
MNH1_15	1	G2F_88	262.615	261.478	245.174856624346	263.330942198322
NEH4_15	1	G2F_88	264.753	263.045	239.981620430478	264.196481563967
OHH1_15	1	G2F_88	259.854	262.379	266.78780946945	259.728783390805
ONH1_15	1	G2F_88	263.802	260.655	249.999299794331	262.526868336658
ONH2_15	1	G2F_88	249.124	250.638	276.755900324552	258.067434914955
DEH1_15	1	G2F_89	258.192	248.013	261.14724731764	257.579047161524
ILH1_15	1	G2F_89	256.866	255.182	264.243028900984	256.959890844855
INH1_15	1	G2F_89	234.735	250.668	226.059578070404	264.596581010971
NEH4_15	1	G2F_89	260.397	252.032	259.942876324812	257.819921360089
OHH1_15	1	G2F_89	259.197	264.529	255.467193388574	258.715057947337
ONH2_15	1	G2F_89	289.086	299.528	282.182559122844	253.371984800483
DEH1_15	1	G2F_9	255.248	244.018	260.499230980265	254.097090807216
ILH1_15	1	G2F_9	253.427	253.435	267.017594271056	253.165896051389
INH1_15	1	G2F_9	212.059	236.456	218.102038092139	260.153832648377
MNH1_15	1	G2F_9	248.293	250.096	232.500303989099	258.09693752024
NEH4_15	1	G2F_9	258.382	249.603	255.967788693372	254.744439705344
OHH1_15	1	G2F_9	254.666	264.226	263.406838837687	253.681718256156
ONH1_15	1	G2F_9	263.892	247.68	249.993775599518	255.597870147323
ONH2_15	1	G2F_9	289.149	319.8	291.691296167641	249.641081494734
DEH1_15	1	G2F_90	231.943	228.285	244.584426354391	231.471663169555
ILH1_15	1	G2F_90	232.869	232.837	235.560256298977	232.760830320328
INH1_15	1	G2F_90	215.549	230.603	217.839653466618	235.292345010665
MNH1_15	1	G2F_90	229.425	231.355	229.174793109127	233.67303934745
NEH4_15	1	G2F_90	237.792	234.951	211.556453537043	236.189945000605
OHH1_15	1	G2F_90	234.781	237.816	224.295786833498	234.370040243968
ONH1_15	1	G2F_90	232.874	227.21	254.998434051712	229.983947784223
ONH2_15	1	G2F_90	249.072	238.34	246.876264889909	231.144257664481
DEH1_15	1	G2F_91	280.244	273.413	283.517174161251	279.745945325482
ILH1_15	1	G2F_91	279.816	279.872	283.822205824802	279.702369373546
INH1_15	1	G2F_91	262.779	265.005	263.64385074168	282.584991528278
MNH1_15	1	G2F_91	276.456	275.608	275.49984239277	280.891278435265
NEH4_15	1	G2F_91	280.273	275.413	290.550416218978	278.741196460092
OHH1_15	1	G2F_91	278.149	283.85	297.650462902986	277.726904076662
ONH1_15	1	G2F_91	289.579	281.01	245.031261567824	285.243932838828
ONH2_15	1	G2F_91	287.635	326.219	302.023577629332	277.10217340147
DEH1_15	1	G2F_92	224.642	216.97	219.723533417893	223.620631402335
ILH1_15	1	G2F_92	223.037	222.991	225.425367508215	222.806083675146
INH1_15	1	G2F_92	189.576	215.842	188.201861214621	228.123727431374
MNH1_15	1	G2F_92	214.502	217.975	218.825025411614	223.748989688946
NEH4_15	1	G2F_92	225.625	218.864	228.081646927902	222.426615186619
OHH1_15	1	G2F_92	226.24	233.49	207.530422865098	225.362504338448
ONH1_15	1	G2F_92	226.758	214.001	244.985734831254	220.01174548614
ONH2_15	1	G2F_92	257.683	252.357	252.29436105764	218.967656025228
DEH1_15	1	G2F_93	270.198	264.071	249.934132148746	269.557981354565
ILH1_15	1	G2F_93	269.236	269.258	253.196210678232	269.091970136067
INH1_15	1	G2F_93	233.773	251.354	252.448939635136	269.198723142224
MNH1_15	1	G2F_93	260.066	260.671	273.825200677074	266.144971564804
NEH4_15	1	G2F_93	270.035	264.912	260.761867796437	268.011161976324
OHH1_15	1	G2F_93	267.187	273.227	270.309017563254	266.647283438207
ONH1_15	1	G2F_93	269.451	260.011	280.028962098845	265.258719933122
ONH2_15	1	G2F_93	274.354	281.793	296.335671032978	262.929190085389
DEH1_15	1	G2F_94	226.099	218.907	215.621369704506	225.232416314172
ILH1_15	1	G2F_94	224.6	224.584	221.421659930498	224.403803424745
INH1_15	1	G2F_94	198.618	215.274	192.839653466618	228.486947205299
MNH1_15	1	G2F_94	218.032	220.113	213.174353748741	225.581990022139
NEH4_15	1	G2F_94	227.258	221.115	220.618575160501	224.518529820459
OHH1_15	1	G2F_94	222.656	228.602	238.78780946945	221.92292491918
ONH1_15	1	G2F_94	226.68	215.162	245.028962098845	221.031331686409
ONH2_15	1	G2F_94	258.236	282.574	244.755900324552	221.070340511308
DEH1_15	1	G2F_95	267.833	263.627	283.621369704506	266.964220661946
ILH1_15	1	G2F_95	268.513	268.392	274.168564554793	268.31462139762
INH1_15	1	G2F_95	268.094	282.958	223.563476736016	275.543919657445
MNH1_15	1	G2F_95	260.767	266.395	270.174856624346	268.885151101969
NEH4_15	1	G2F_95	270.084	265.792	280.761867796437	267.372720934528
OHH1_15	1	G2F_95	273.225	276.6	245.096241536322	272.467810400258
ONH1_15	1	G2F_95	270.154	261.617	299.924169560572	264.635249253937
ONH2_15	1	G2F_95	322.799	304.982	275.060367825138	268.187220930427
DEH1_15	1	G2F_96	239.625	229.522	241.31081490461	238.606748871116
ILH1_15	1	G2F_96	239.777	239.792	234.734895873507	239.546165875559
INH1_15	1	G2F_96	223.045	228.294	194.228550268127	245.332786676328
MNH1_15	1	G2F_96	226.56	228.308	255.500085971222	236.579710147314
NEH4_15	1	G2F_96	242.016	234.118	239.942876324812	238.80216866823
OHH1_15	1	G2F_96	238.003	246.532	251.612874745172	237.13502603675
ONH1_15	1	G2F_96	248.48	233.946	224.996035178074	240.937431689193
ONH2_15	1	G2F_96	272.011	310.487	269.231923736899	234.618019037932
DEH1_15	1	G2F_97	230.767	224.033	247.031404326675	230.031854860356
ILH1_15	1	G2F_97	231.001	230.982	241.421659930498	230.833246916953
INH1_15	1	G2F_97	218.894	228.082	200.556191652693	236.671170956639
MNH1_15	1	G2F_97	223.032	225.244	244.825588952285	230.346971342412
NEH4_15	1	G2F_97	233.351	228.125	239.942876324812	231.044501717765
OHH1_15	1	G2F_97	235.664	241.915	212.096241536322	235.022592401835
ONH1_15	1	G2F_97	240.256	230.557	214.985734831254	234.609807645416
ONH2_15	1	G2F_97	253.438	253.362	256.394690794628	228.694242507791
DEH1_15	1	G2F_98	235.222	227.473	238.705235393756	229.002418583118
ILH1_15	1	G2F_98	237.616	236.707	222.183881546861	231.7559775576
INH1_15	1	G2F_98	209.06	268.934	199.557082570477	235.527110720331
MNH1_15	1	G2F_98	224.39	227.831	240.825025411614	228.649120246808
NEH4_15	1	G2F_98	239.554	231.481	229.910738282817	230.468168101608
OHH1_15	1	G2F_98	238.509	255.925	221.548413516352	231.861888896019
ONH1_15	1	G2F_98	235.124	224.919	259.989370170586	225.45506278698
DEH1_15	1	G2F_99	228.345	218.913	224.151604927547	227.324701737174
ILH1_15	1	G2F_99	227.552	227.553	224.181475332765	227.320434536429
INH1_15	1	G2F_99	182.442	209.483	198.104865763002	231.045664474967
MNH1_15	1	G2F_99	220.607	222.425	209.825025411614	229.371355953736
NEH4_15	1	G2F_99	229.689	222.036	230.039402212604	226.483587839309
OHH1_15	1	G2F_99	227.037	235.328	232.260143719073	226.166339052671
ONH1_15	1	G2F_99	232.828	218.674	234.985734831254	225.776968893788
ONH2_15	1	G2F_99	254.108	270.224	261.876264889909	221.935464599694
ILH1_15	1	G2F_105	222.208	222.516	212.355719297841	228.409619851156
MNH1_15	1	G2F_105	204.924	210.993	223.000130619483	225.748517020746
OHH1_15	1	G2F_105	220.189	227.693	220.919700048411	226.268624663514
ONH1_15	1	G2F_105	227.197	214.221	217.48018864649	227.128502513994
ONH2_15	1	G2F_105	205.551	217.095	252.238460090242	218.438934653056
ILH1_15	1	G2F_106	213.573	215.283	209.780644958231	218.232761517232
MNH1_15	1	G2F_106	200.223	208.106	218.000246667812	216.588841175316
NEH4_15	1	G2F_106	215.676	212.499	210.423103524027	218.104269804073
OHH1_15	1	G2F_106	215.014	221.261	205.766929112166	219.035504686445
ONH1_15	1	G2F_106	217.242	208.659	217.486410588016	216.691608391275
ONH2_15	1	G2F_106	205.49	181.69	239.48711769414	212.29146697005
ILH1_15	1	G2F_107	232.097	231.927	245.425367508215	238.106213454073
MNH1_15	1	G2F_107	235.899	238.132	216.825636711278	245.256146153307
NEH4_15	1	G2F_107	236.663	229.33	239.942876324812	239.476836249923
OHH1_15	1	G2F_107	235.088	240.905	237.530422865098	240.079949614852
ONH2_15	1	G2F_107	313.221	272.622	258.125917915102	234.931075852351
ILH1_15	1	G2F_108	232.281	233.427	240.089348939755	236.341885368289
MNH1_15	1	G2F_108	235.595	236.002	217.825636711278	240.794627813985
NEH4_15	1	G2F_108	235.948	232.613	232.508940373539	237.857967081533
OHH1_15	1	G2F_108	231.16	236.834	246.760564519984	235.007642252244
ONH1_15	1	G2F_108	237.787	230.351	235.026702652756	237.354414625689
ONH2_15	1	G2F_108	274.486	291.244	249.58758258389	234.442238639462
ILH1_15	1	G2F_109	238.294	238.101	223.609821033897	237.825104301803
INH1_15	1	G2F_109	232.957	237.014	195.556191652693	243.435830178043
MNH1_15	1	G2F_109	220.462	222.985	265.825907490226	229.381887010537
NEH4_15	1	G2F_109	243.366	237.221	211.739829637732	240.199102581036
ONH1_15	1	G2F_109	236.354	224.784	260.014030992249	230.544262310132
ONH2_15	1	G2F_109	269.649	305.058	255.989561736113	231.349156161359
ILH1_15	1	G2F_110	230.959	230.795	218.609821033897	230.434744466594
INH1_15	1	G2F_110	192.63	214.433	199.647921487863	234.227124375801
MNH1_15	1	G2F_110	221.053	222.506	223.174688044308	229.521771064512
NEH4_15	1	G2F_110	229.72	222.065	238.790008835207	226.398706906332
ONH1_15	1	G2F_110	235.362	221.429	229.973521381702	228.162004397033
ONH2_15	1	G2F_110	252.476	280.754	260.58758258389	222.039192156595
ILH1_15	1	G2F_111	237.351	237.219	236.421659930498	237.176318597422
INH1_15	1	G2F_111	236.462	243.455	221.929945144693	240.074661554583
MNH1_15	1	G2F_111	234.437	236.487	235.825315277107	237.2955875281
NEH4_15	1	G2F_111	241.531	239.974	220.804926701079	240.299665243306
ONH1_15	1	G2F_111	231.999	228.81	269.985734831254	230.463503617271
ONH2_15	1	G2F_111	261.387	269.002	237.335671032978	236.993516376926
ILH1_15	1	G2F_112	238.664	238.477	245.801447268579	238.173341392488
INH1_15	1	G2F_112	228.861	237.123	201.223785586728	247.088873728858
MNH1_15	1	G2F_112	229.519	231.684	246.825588952285	237.968513055747
NEH4_15	1	G2F_112	244.059	237.336	232.508940373539	240.831842771496
ONH1_15	1	G2F_112	243.864	231.398	250.014030992249	237.330824647754
ONH2_15	1	G2F_112	276.671	329.988	260.29436105764	235.274758634676
ILH1_15	1	G2F_113	241.869	241.587	240.560256298977	241.258619518546
INH1_15	1	G2F_113	224.878	241.793	195.201861214621	250.330298535417
MNH1_15	1	G2F_113	232.99	236.498	232.825878836599	242.805495011021
NEH4_15	1	G2F_113	240.853	232.944	261.739829637732	237.022704850795
ONH1_15	1	G2F_113	246.465	231.896	254.973521381702	238.375966502001
ONH2_15	1	G2F_113	295.846	354.842	261.552006522074	237.060269473926
ILH1_15	1	G2F_114	224.336	223.407	234.243028900984	224.031206036213
INH1_15	1	G2F_114	221.443	227.882	186.110038168593	232.053371158278
MNH1_15	1	G2F_114	218.256	220.074	224.174789784496	225.709245888961
NEH4_15	1	G2F_114	226.058	219.491	238.081646927902	223.39143636506
OHH1_15	1	G2F_114	225.88	230.266	228.100364290539	225.054983471287
ONH1_15	1	G2F_114	230.623	219.222	229.995907276122	224.739059640356
ONH2_15	1	G2F_114	268.505	289.123	237.724489769624	223.450962558106
ILH1_15	1	G2F_115	214.014	211.335	194.808240824316	212.949409256739
INH1_15	1	G2F_115	184.424	208.713	168.109122670874	218.289232887427
MNH1_15	1	G2F_115	198.838	199.981	215.500348637361	208.81098769413
OHH1_15	1	G2F_115	213.464	218.146	201.206815087012	211.669694404199
ONH1_15	1	G2F_115	211.461	193.786	242.522625813601	203.406532258882
ONH2_15	1	G2F_115	256.149	245.198	237.408134074845	204.429430606633
ILH1_15	1	G2F_116	234.881	233.19	234.243028900984	234.222553622576
INH1_15	1	G2F_116	236.781	240.748	199.063915896633	241.258376223446
MNH1_15	1	G2F_116	228.238	228.969	233.825907490226	234.305977904728
OHH1_15	1	G2F_116	232.672	235.112	247.467193388574	231.577720725058
ONH1_15	1	G2F_116	236.21	225.247	250.031261567824	231.064907089208
ONH2_15	1	G2F_116	280.266	298.603	240.724489769624	232.926261448848
ILH1_15	1	G2F_117	198.655	198.343	204.061466870079	197.993639924963
INH1_15	1	G2F_117	178.725	199.503	150.467661101823	208.712401078615
MNH1_15	1	G2F_117	190.402	194.339	189.000138498296	201.00590559932
NEH4_15	1	G2F_117	203.196	194.804	199.469459255362	198.912041447907
ONH1_15	1	G2F_117	201.141	185.491	230.007363140004	192.804460670978
ONH2_15	1	G2F_117	258.478	317.404	221.023577629332	194.601217773113
ILH1_15	1	G2F_118	232.916	234.817	249.315426945414	227.482465595869
INH1_15	1	G2F_118	230.476	225.713	203.059578070404	236.733635370871
MNH1_15	1	G2F_118	228.351	228.789	231.174789784496	231.110593028052
NEH4_15	1	G2F_118	240.715	232.974	230.618575160501	231.221835952851
OHH1_15	1	G2F_118	236.376	260.229	237.530422865098	229.839466411932
ONH1_15	1	G2F_118	244.036	228.662	235.028962098845	230.339758565183
ILH1_15	1	G2F_119	219.055	216.199	219.835836690401	217.999522586298
INH1_15	1	G2F_119	198.186	215.933	173.895290498114	227.187631824756
MNH1_15	1	G2F_119	206.457	206.739	227.174789784496	216.531731967479
OHH1_15	1	G2F_119	222.329	227.657	207.162132626252	220.534263399128
ONH1_15	1	G2F_119	223.485	205.342	235.009499698078	214.964789984763
ONH2_15	1	G2F_119	262.818	263.055	246.755900324552	212.615509859468
MNH1_15	1	G2F_120	208.992	218.107	216.5002292429	225.166698181427
NEH4_15	1	G2F_120	222.714	221.131	212.508940373539	226.164520398768
OHH1_15	1	G2F_120	220.73	227.377	213.295786833498	225.967808783778
ONH1_15	1	G2F_120	220.728	211.47	232.49298736868	221.168508649982
ONH2_15	1	G2F_120	241.835	193.943	242.369078149993	218.699485954654
