env_code	date	TMAX	TMIN	DL	GDD	PTT	PTR	PTS
DEH1_15	2015-04-29	73.94	43.64	13.707	11.97	164.0728	0.8733	669361.7785
DEH1_15	2015-04-30	72.02	49.94	13.744	11.01	151.3214	0.8011	508677.7923
DEH1_15	2015-05-01	57.98	45.38	13.78	3.99	54.9822	0.2896	247298.4993
DEH1_15	2015-05-02	71.36	41.36	13.816	10.68	147.5549	0.773	645486.0842
DEH1_15	2015-05-03	79.7	44.66	13.852	14.85	205.7022	1.072	836122.2424
DEH1_15	2015-05-04	83	50	13.887	16.5	229.1355	1.1882	846413.2471
DEH1_15	2015-05-05	83	62.36	13.922	22.68	315.751	1.6291	581510.9086
DEH1_15	2015-05-06	80.66	56.36	13.956	18.51	258.3256	1.3263	648503.2521
DEH1_15	2015-05-07	76.64	52.64	13.99	14.64	204.8136	1.0465	607264.6687
DEH1_15	2015-05-08	80.66	55.34	14.024	18	252.432	1.2835	677245.9489
DEH1_15	2015-05-09	81.68	63.68	14.057	22.68	318.8128	1.6134	517014.483
DEH1_15	2015-05-10	84.32	65	14.09	24.66	347.4594	1.7502	572726.251
DEH1_15	2015-05-11	79.04	65.3	14.122	22.17	313.0847	1.5699	395517.6312
DEH1_15	2015-05-12	88.04	64.64	14.154	26.34	372.8164	1.861	715741.8166
DEH1_15	2015-05-13	78.32	56.36	14.185	17.34	245.9679	1.2224	595105.7188
DEH1_15	2015-05-14	70.04	47.3	14.216	10.02	142.4443	0.7048	539251.5149
DEH1_15	2015-05-15	75.26	45.62	14.246	12.63	179.927	0.8866	727140.8284
DEH1_15	2015-05-16	83.6	58.34	14.276	20.97	299.3677	1.4689	730720.3894
DEH1_15	2015-05-17	83.66	66.92	14.305	25.29	361.7734	1.7679	515820.3487
DEH1_15	2015-05-18	87.68	66.32	14.334	27	387.018	1.8836	675860.0396
DEH1_15	2015-05-19	83.3	66.62	14.362	24.96	358.4755	1.7379	515804.9013
DEH1_15	2015-05-20	71.96	53.6	14.39	12.78	183.9042	0.8881	477359.502
DEH1_15	2015-05-21	57.02	47.66	14.416	3.51	50.6002	0.2435	203624.0682
DEH1_15	2015-05-22	73.04	48.62	14.443	11.52	166.3834	0.7976	619738.2397
DEH1_15	2015-05-23	71	48.32	14.468	10.5	151.914	0.7257	566465.2787
DEH1_15	2015-05-24	78.38	46.34	14.493	14.19	205.6557	0.9791	839354.0572
DEH1_15	2015-05-25	81.98	55.7	14.518	18.84	273.5191	1.2977	762622.8302
DEH1_15	2015-05-26	84.68	57.32	14.541	21	305.361	1.4442	821472.4186
DEH1_15	2015-05-27	87.02	61.64	14.564	24.33	354.3421	1.6706	800289.4408
DEH1_15	2015-05-28	85.34	68	14.586	26.67	389.0086	1.8285	565688.0057
DEH1_15	2015-05-29	84.98	64.34	14.608	24.66	360.2333	1.6881	657671.761
DEH1_15	2015-05-30	85.94	64.34	14.628	25.14	367.7479	1.7186	694584.1054
DEH1_15	2015-05-31	87.74	67.34	14.648	27.54	403.4059	1.8801	678801.2327
DEH1_15	2015-06-01	90.02	68.3	14.667	29.16	427.6897	1.9881	739738.4383
DEH1_15	2015-06-02	74.66	56.96	14.686	15.81	232.1857	1.0765	502460.8175
DEH1_15	2015-06-03	60.68	55.64	14.703	8.16	119.9765	0.555	126735.0803
DEH1_15	2015-06-04	61.7	57.32	14.72	9.51	139.9872	0.6461	112956.0967
DEH1_15	2015-06-05	66.02	58.28	14.736	12.15	179.0424	0.8245	208915.8138
DEH1_15	2015-06-06	78.38	58.34	14.751	18.36	270.8284	1.2447	596173.5347
DEH1_15	2015-06-07	74.66	53.66	14.765	14.16	209.0724	0.959	587463.0399
DEH1_15	2015-06-08	83.3	57.98	14.779	20.64	305.0386	1.3966	781329.9748
DEH1_15	2015-06-09	84.32	68.36	14.791	26.34	389.5949	1.7808	533101.7552
DEH1_15	2015-06-10	83	61.34	14.803	22.17	328.1825	1.4977	685085.2726
DEH1_15	2015-06-11	90.62	63.68	14.813	27.15	402.173	1.8328	912114.927
DEH1_15	2015-06-12	91.7	72.62	14.823	32.16	476.7077	2.1696	688875.9355
DEH1_15	2015-06-13	90.68	73.04	14.832	31.86	472.5475	2.1481	635330.5667
DEH1_15	2015-06-14	89.66	72.02	14.84	30.84	457.6656	2.0782	628091.1631
DEH1_15	2015-06-15	88.34	72.68	14.847	30.51	452.982	2.055	555838.9765
DEH1_15	2015-06-16	92.6	72.32	14.853	32.46	482.1284	2.1854	737852.6458
DEH1_15	2015-06-17	83.72	67.64	14.858	25.68	381.5534	1.7284	537301.2754
DEH1_15	2015-06-18	86.36	69.38	14.863	27.87	414.2318	1.8751	584185.552
DEH1_15	2015-06-19	86	70.34	14.866	28.17	418.7752	1.8949	541065.8481
DEH1_15	2015-06-20	87.68	71.06	14.868	29.37	436.6732	1.9754	583206.6942
DEH1_15	2015-06-21	88.7	71.66	14.87	30.18	448.7766	2.0296	604209.5357
DEH1_15	2015-06-22	88.7	72.68	14.87	30.69	456.3603	2.0639	571655.2021
DEH1_15	2015-06-23	93.98	71.66	14.87	32.82	488.0334	2.2071	817487.93
DEH1_15	2015-06-24	85.64	66.32	14.868	25.98	386.2706	1.7474	648995.2404
DEH1_15	2015-06-25	84.62	62.06	14.866	23.34	346.9724	1.57	731304.513
DEH1_15	2015-06-26	77.3	65.36	14.863	21.33	317.0278	1.4351	376287.2491
DEH1_15	2015-06-27	77.36	62.96	14.858	20.16	299.5373	1.3568	446069.7535
DEH1_15	2015-06-28	80	65.6	14.853	22.8	338.6484	1.535	462543.1239
DEH1_15	2015-06-29	80.36	60.68	14.847	20.52	304.6604	1.3821	611849.7831
DEH1_15	2015-06-30	86	64.34	14.84	25.17	373.5228	1.6961	717134.8038
DEH1_15	2015-07-01	85.64	69.08	14.832	27.36	405.8035	1.8447	563645.732
DEH1_15	2015-07-02	77.3	66.32	14.823	21.81	323.2896	1.4714	346489.0224
DEH1_15	2015-07-03	80.96	61.4	14.814	21.18	313.7605	1.4297	611084.841
DEH1_15	2015-07-04	81.02	68.36	14.803	24.69	365.4861	1.6679	414405.6224
DEH1_15	2015-07-05	83.66	68.06	14.791	25.86	382.4953	1.7484	517800.5489
DEH1_15	2015-07-06	87.38	71.06	14.779	29.22	431.8424	1.9771	564774.5087
DEH1_15	2015-07-07	88.04	73.34	14.766	30.69	453.1685	2.0784	517240.7992
DEH1_15	2015-07-08	88.64	75.32	14.752	31.98	471.769	2.1678	475273.8743
DEH1_15	2015-07-09	89.66	73.64	14.737	31.65	466.426	2.1477	568155.0399
DEH1_15	2015-07-10	84.47	69.68	14.721	27.075	398.5711	1.8392	494067.5475
DEH1_15	2015-07-11	79.52	65.66	14.704	22.59	332.1634	1.5363	435051.8406
DEH1_15	2015-07-12	84.62	62	14.687	23.31	342.354	1.5871	715405.0566
DEH1_15	2015-07-13	85.04	64.34	14.668	24.69	362.1529	1.6833	665280.2075
DEH1_15	2015-07-14	85.04	69.02	14.649	27.03	395.9625	1.8452	529624.8613
DEH1_15	2015-07-15	81.68	70.7	14.63	26.19	383.1597	1.7902	358112.0722
DEH1_15	2015-07-16	78.68	63.68	14.609	21.18	309.4186	1.4498	455743.2201
DEH1_15	2015-07-17	82.64	60.02	14.588	21.33	311.162	1.4622	686730.4893
ILH1_15	2015-04-30	58.16	36.5	13.832	4.08	56.4346	0.295	392278.8676
ILH1_15	2015-05-01	70.16	35.78	13.87	10.08	139.8096	0.7267	700678.4541
ILH1_15	2015-05-02	76.4	49.28	13.908	13.2	183.5856	0.9491	659303.2571
ILH1_15	2015-05-03	82.58	55.88	13.946	19.23	268.1816	1.3789	719009.9665
ILH1_15	2015-05-04	80.72	59.18	13.983	19.95	278.9608	1.4267	589201.8866
ILH1_15	2015-05-05	85.88	60.38	14.02	23.13	324.2826	1.6498	733097.5647
ILH1_15	2015-05-06	86	59.24	14.056	22.62	317.9467	1.6093	767884.4028
ILH1_15	2015-05-07	85.94	58.34	14.092	22.14	311.9969	1.5711	790788.7545
ILH1_15	2015-05-08	84.5	63.32	14.127	23.91	337.7766	1.6925	624825.9297
ILH1_15	2015-05-09	75.44	62.6	14.162	19.02	269.3612	1.343	355483.2602
ILH1_15	2015-05-10	80	62.66	14.197	21.33	302.822	1.5024	498591.049
ILH1_15	2015-05-11	72.2	51.8	14.231	12	170.772	0.8432	512298.0348
ILH1_15	2015-05-12	63.02	46.1	14.265	6.51	92.8651	0.4564	375706.1187
ILH1_15	2015-05-13	65.9	42.2	14.298	7.95	113.6691	0.556	523750.7109
ILH1_15	2015-05-14	70.7	48.14	14.33	10.35	148.3155	0.7223	550546.6435
ILH1_15	2015-05-15	83	59.6	14.362	21.3	305.9106	1.4831	688280.1231
ILH1_15	2015-05-16	79.94	64.46	14.394	22.2	319.5468	1.5423	463128.1149
ILH1_15	2015-05-17	82.34	65.36	14.425	23.85	344.0363	1.6534	521854.9711
ILH1_15	2015-05-18	83.06	51.62	14.455	17.34	250.6497	1.1996	884752.5787
ILH1_15	2015-05-19	63.05	43.52	14.485	6.525	94.5146	0.4505	436690.9666
ILH1_15	2015-05-20	50.78	44.36	14.514	0.39	5.6605	0.0269	128668.5517
ILH1_15	2015-05-21	65.78	44.36	14.542	7.89	114.7364	0.5426	498899.2135
ILH1_15	2015-05-22	77.66	47.66	14.57	13.83	201.5031	0.9492	798106.31
ILH1_15	2015-05-23	80.12	56.48	14.597	18.3	267.1251	1.2537	688058.5369
ILH1_15	2015-05-24	85.46	62.24	14.624	23.85	348.7824	1.6309	733457.692
ILH1_15	2015-05-25	83.12	67.1	14.649	25.11	367.8364	1.7141	516423.7743
ILH1_15	2015-05-26	78.5	65.42	14.674	21.96	322.241	1.4965	405346.03
ILH1_15	2015-05-27	80.48	59.72	14.699	20.1	295.4499	1.3674	628855.6144
ILH1_15	2015-05-28	85.7	54.5	14.722	20.1	295.9122	1.3653	948060.8972
ILH1_15	2015-05-29	85.16	65.12	14.745	25.14	370.6893	1.705	654769.5243
ILH1_15	2015-05-30	76.04	49.4	14.767	13.02	192.2663	0.8817	728710.1447
ILH1_15	2015-05-31	56.42	48.32	14.788	3.21	47.4695	0.2171	185530.9944
ILH1_15	2015-06-01	67.52	52.28	14.808	9.9	146.5992	0.6686	400345.173
ILH1_15	2015-06-02	72.92	50.54	14.827	11.73	173.9207	0.7911	607425.3743
ILH1_15	2015-06-03	76.88	51.92	14.846	14.4	213.7824	0.97	708564.4456
ILH1_15	2015-06-04	81.68	55.88	14.864	18.78	279.1459	1.2635	784121.3274
ILH1_15	2015-06-05	85.82	56.3	14.881	21.06	313.3939	1.4152	929042.9356
ILH1_15	2015-06-06	78.92	54.86	14.897	16.89	251.6103	1.1338	714306.2501
ILH1_15	2015-06-07	89.18	61.64	14.912	25.41	378.9139	1.704	923622.8368
ILH1_15	2015-06-08	81.8	64.34	14.926	23.07	344.3428	1.5456	568460.4008
ILH1_15	2015-06-09	85.52	59.9	14.939	22.71	339.2647	1.5202	831469.4947
ILH1_15	2015-06-10	89.96	66.8	14.951	28.38	424.3094	1.8982	811548.1514
ILH1_15	2015-06-11	88.58	67.4	14.963	27.99	418.8144	1.8706	739660.1541
ILH1_15	2015-06-12	86.6	67.4	14.973	27	404.271	1.8032	662887.1475
ILH1_15	2015-06-13	85.52	68.96	14.983	27.24	408.1369	1.8181	574288.543
ILH1_15	2015-06-14	82.94	71.3	14.991	27.12	406.5559	1.8091	403469.96
ILH1_15	2015-06-15	86.9	70.28	14.998	28.59	428.7928	1.9063	587617.8806
ILH1_15	2015-06-16	80.48	64.58	15.005	22.53	338.0627	1.5015	519298.1758
ILH1_15	2015-06-17	76.88	63.38	15.01	20.13	302.1513	1.3411	426607.9924
ILH1_15	2015-06-18	83.06	66.62	15.015	24.84	372.9726	1.6543	554774.2063
ILH1_15	2015-06-19	74.42	63.68	15.018	19.05	286.0929	1.2685	334520.0553
ILH1_15	2015-06-20	81.74	66.56	15.021	24.15	362.7572	1.6077	507937.895
ILH1_15	2015-06-21	82.7	67.16	15.022	24.93	374.4985	1.6596	525523.6413
ILH1_15	2015-06-22	86.6	69.98	15.023	28.29	425.0007	1.8831	587327.9148
ILH1_15	2015-06-23	80.66	63.02	15.022	21.84	328.0805	1.4539	571939.9267
ILH1_15	2015-06-24	74.72	62.3	15.021	18.51	278.0387	1.2323	383975.2672
ILH1_15	2015-06-25	81.02	65.9	15.018	23.46	352.3223	1.5621	501022.1322
ILH1_15	2015-06-26	71.9	64.16	15.015	18.03	270.7205	1.2008	237422.6239
ILH1_15	2015-06-27	75.74	56.78	15.01	16.26	244.0626	1.0833	566084.345
ILH1_15	2015-06-28	77	54.92	15.005	15.96	239.4798	1.0636	655815.5519
ILH1_15	2015-06-29	78.68	63.44	14.999	21.06	315.8789	1.4041	487264.5049
ILH1_15	2015-06-30	81.32	62.84	14.991	22.08	331.0013	1.4729	598698.1951
ILH1_15	2015-07-01	75.8	60.56	14.983	18.18	272.3909	1.2134	466519.1961
ILH1_15	2015-07-02	76.16	57.62	14.973	16.89	252.894	1.128	556056.0504
ILH1_15	2015-07-03	76.4	59.66	14.963	18.03	269.7829	1.205	509944.9228
ILH1_15	2015-07-04	79.46	56.24	14.952	17.85	266.8932	1.1938	704434.536
ILH1_15	2015-07-05	82.34	57.26	14.939	19.8	295.7922	1.3254	781368.6904
ILH1_15	2015-07-06	86.9	61.82	14.926	24.36	363.5974	1.6321	830967.0122
ILH1_15	2015-07-07	75.5	55.58	14.912	15.54	231.7325	1.0421	580627.4406
ILH1_15	2015-07-08	71.42	55.1	14.897	13.26	197.5342	0.8901	458223.0938
ILH1_15	2015-07-09	67.88	60.56	14.881	14.22	211.6078	0.9556	208197.5484
ILH1_15	2015-07-10	78.32	61.16	14.865	19.74	293.4351	1.328	528882.3201
ILH1_15	2015-07-11	79.58	59.96	14.847	19.77	293.5252	1.3316	603497.0322
ILH1_15	2015-07-12	85.82	69.98	14.828	27.9	413.7012	1.8816	542609.99
ILH1_15	2015-07-13	90.74	71.9	14.809	31.32	463.8179	2.1149	671985.2344
ILH1_15	2015-07-14	86.3	64.1	14.789	25.2	372.6828	1.704	730261.5399
ILH1_15	2015-07-15	79.82	59.3	14.768	19.56	288.8621	1.3245	622601.6866
ILH1_15	2015-07-16	82.76	63.98	14.746	23.37	344.614	1.5848	599228.6395
ILH1_15	2015-07-17	89.96	72.2	14.724	31.08	457.6219	2.1108	624364.6619
ILH1_15	2015-07-18	90.62	71	14.7	30.81	452.907	2.0959	685218.019
INH1_15	2015-05-14	64.7	42.68	14.365	7.35	105.5827	0.5117	487923.7688
INH1_15	2015-05-15	74	49.28	14.397	12	172.764	0.8335	631662.5096
INH1_15	2015-05-16	80.96	59.72	14.429	20.34	293.4859	1.4097	622098.7646
INH1_15	2015-05-17	76.04	63.68	14.461	19.86	287.1955	1.3733	361138.4252
INH1_15	2015-05-18	80.06	59.3	14.492	19.68	285.2026	1.358	607606.1172
INH1_15	2015-05-19	75.68	44.66	14.522	12.84	186.4625	0.8842	787235.4915
INH1_15	2015-05-20	56.36	38.96	14.551	3.18	46.2722	0.2185	351171.258
INH1_15	2015-05-21	56.66	41.66	14.58	3.33	48.5514	0.2284	313507.6747
INH1_15	2015-05-22	69.68	43.04	14.608	9.84	143.7427	0.6736	640791.4686
INH1_15	2015-05-23	77	49.64	14.636	13.5	197.586	0.9224	742218.5367
INH1_15	2015-05-24	81.38	54.68	14.663	18.03	264.3739	1.2296	781065.3955
INH1_15	2015-05-25	83.72	62.66	14.689	23.19	340.6379	1.5787	665157.621
INH1_15	2015-05-26	81.68	64.04	14.714	22.86	336.362	1.5536	556518.0398
INH1_15	2015-05-27	78.38	61.7	14.739	20.04	295.3696	1.3597	507584.3427
INH1_15	2015-05-28	80.36	52.04	14.763	16.2	239.1606	1.0973	817203.981
INH1_15	2015-05-29	82.94	59.3	14.786	21.12	312.2803	1.4284	735140.9574
INH1_15	2015-05-30	83.66	60.98	14.808	22.32	330.5146	1.5073	719323.5432
INH1_15	2015-05-31	72.02	52.04	14.83	12.03	178.4049	0.8112	545141.8991
INH1_15	2015-06-01	60.02	50.06	14.85	5.04	74.844	0.3394	241780.1633
INH1_15	2015-06-02	66.98	46.04	14.87	8.49	126.2463	0.5709	523303.8349
INH1_15	2015-06-03	71.66	46.04	14.889	10.83	161.2479	0.7274	668477.2752
INH1_15	2015-06-04	76.64	50	14.907	13.32	198.5612	0.8935	749696.7451
INH1_15	2015-06-05	81.02	55.34	14.924	18.18	271.3183	1.2182	779924.3734
INH1_15	2015-06-06	78.02	52.64	14.941	15.33	229.0455	1.026	740275.8866
INH1_15	2015-06-07	80.06	58.34	14.956	19.2	287.1552	1.2838	672398.6363
INH1_15	2015-06-08	84.68	60.32	14.97	22.5	336.825	1.503	791569.199
INH1_15	2015-06-09	81.62	56.96	14.984	19.29	289.0414	1.2874	767271.6611
INH1_15	2015-06-10	85.04	61.34	14.996	23.19	347.7572	1.5464	780155.1008
INH1_15	2015-06-11	90.32	68	15.008	29.16	437.6333	1.943	795931.3547
INH1_15	2015-06-12	89.36	70.04	15.018	29.7	446.0346	1.9776	694575.7861
INH1_15	2015-06-13	87.02	65.6	15.028	26.31	395.3867	1.7507	738300.7141
INH1_15	2015-06-14	85.46	69.44	15.036	27.45	412.7382	1.8256	561020.2839
INH1_15	2015-06-15	85.01	69.53	15.044	27.27	410.2499	1.8127	541425.26
INH1_15	2015-06-16	83.03	66.02	15.051	24.525	369.1258	1.6295	574337.2779
INH1_15	2015-06-17	77.99	59.99	15.056	18.99	285.9134	1.2613	562999.3039
INH1_15	2015-06-18	79.97	64.49	15.061	22.23	334.806	1.476	507254.8217
INH1_15	2015-06-19	77.54	64.49	15.064	21.015	316.57	1.395	420601.8831
INH1_15	2015-06-20	74.48	65.48	15.067	19.98	301.0387	1.3261	285956.5309
INH1_15	2015-06-21	80.51	63.05	15.069	21.78	328.2028	1.4454	569175.968
INH1_15	2015-06-22	84.02	66.02	15.069	25.02	377.0264	1.6604	613265.3485
INH1_15	2015-06-23	83.03	65.03	15.069	24.03	362.1081	1.5947	605172.404
INH1_15	2015-06-24	80.96	61.97	15.067	21.465	323.4132	1.4246	616171.9655
INH1_15	2015-06-25	77.96	63.68	15.064	20.82	313.6325	1.3821	458981.0335
INH1_15	2015-06-26	77.66	64.34	15.061	21	316.281	1.3943	429042.3732
INH1_15	2015-06-27	72.02	57.68	15.056	14.85	223.5816	0.9863	421607.5113
INH1_15	2015-06-28	74.36	52.04	15.051	13.2	198.6732	0.877	639104.6475
INH1_15	2015-06-29	77	57.68	15.044	17.34	260.863	1.1526	588893.6607
INH1_15	2015-06-30	75.68	61.04	15.037	18.36	276.0793	1.221	452580.1749
INH1_15	2015-07-01	78.68	56	15.028	17.34	260.5855	1.1538	689840.2504
INH1_15	2015-07-02	74	56	15.018	15	225.27	0.9988	527764.3582
INH1_15	2015-07-03	76.34	57.32	15.008	16.83	252.5846	1.1214	572608.2639
INH1_15	2015-07-04	76.28	54.38	14.996	15.33	229.8887	1.0223	643483.8213
INH1_15	2015-07-05	80.66	56.66	14.984	18.66	279.6014	1.2453	739946.9173
INH1_15	2015-07-06	83.66	62	14.971	22.83	341.7879	1.5249	707131.8172
INH1_15	2015-07-07	82.28	60.68	14.956	21.48	321.2549	1.4362	690715.5027
INH1_15	2015-07-08	72.02	51.38	14.941	11.7	174.8097	0.7831	568570.3185
INH1_15	2015-07-09	72.02	57.68	14.925	14.85	221.6363	0.995	414302.7414
INH1_15	2015-07-10	71.36	60.68	14.908	16.02	238.8262	1.0746	313411.9392
INH1_15	2015-07-11	77.06	56.6	14.89	16.83	250.5987	1.1303	606312.4438
INH1_15	2015-07-12	80.3	61.28	14.871	20.79	309.1681	1.398	595515.0861
INH1_15	2015-07-13	81.68	66.02	14.851	23.85	354.1964	1.606	510133.271
INH1_15	2015-07-14	84.68	65.3	14.831	24.99	370.6267	1.685	639334.2809
INH1_15	2015-07-15	81.98	59.36	14.81	20.67	306.1227	1.3957	701241.8141
INH1_15	2015-07-16	79.34	59.66	14.788	19.5	288.366	1.3186	598217.038
INH1_15	2015-07-17	82.4	62	14.765	22.2	327.783	1.5036	642191.0716
INH1_15	2015-07-18	85.7	64.64	14.741	25.17	371.031	1.7075	687997.4129
INH1_15	2015-07-19	88.04	70.34	14.717	29.19	429.5892	1.9834	607172.6278
INH1_15	2015-07-20	84.62	66.32	14.691	25.47	374.1798	1.7337	596153.5753
INH1_15	2015-07-21	82.34	63.32	14.666	22.83	334.8248	1.5567	595901.0896
INH1_15	2015-07-22	79.4	56.3	14.639	17.85	261.3062	1.2193	671760.7872
INH1_15	2015-07-23	81.38	59.66	14.612	20.52	299.8382	1.4043	654065.8092
INH1_15	2015-07-24	83.36	60.32	14.584	21.84	318.5146	1.4975	704096.3701
INH1_15	2015-07-25	84.98	63.68	14.555	24.33	354.1231	1.6716	670807.8735
INH1_15	2015-07-26	85.34	65.6	14.526	25.47	369.9772	1.7534	628700.164
INH1_15	2015-07-27	84.68	66.32	14.496	25.5	369.648	1.7591	582567.1406
INH1_15	2015-07-28	85.64	67.34	14.466	26.49	383.2043	1.8312	585844.9192
INH1_15	2015-07-29	88.7	67.7	14.434	28.2	407.0388	1.9537	684273.0652
INH1_15	2015-07-30	86.96	59.3	14.403	23.13	333.1414	1.6059	839235.1518
INH1_15	2015-07-31	84.98	61.7	14.371	23.34	335.4191	1.6241	705225.2542
INH1_15	2015-08-01	85.7	57.32	14.338	21.51	308.4104	1.5002	834423.097
MNH1_15	2015-05-19	54.02	35	14.864	2.01	29.8766	0.1352	374084.3123
MNH1_15	2015-05-20	52.7	36.98	14.898	1.35	20.1123	0.0906	312898.9323
MNH1_15	2015-05-21	57.68	39.62	14.931	3.84	57.335	0.2572	391749.4336
MNH1_15	2015-05-22	72.02	39.92	14.964	11.01	164.7536	0.7358	804610.571
MNH1_15	2015-05-23	73.34	47.36	14.996	11.67	175.0033	0.7782	705175.6059
MNH1_15	2015-05-24	72.62	53	15.027	12.81	192.4959	0.8525	556547.6649
MNH1_15	2015-05-25	62.96	55.34	15.057	9.15	137.7716	0.6077	204369.7515
MNH1_15	2015-05-26	74	53.6	15.086	13.8	208.1868	0.9148	592419.0953
MNH1_15	2015-05-27	62.66	54.32	15.115	8.49	128.3264	0.5617	222891.738
MNH1_15	2015-05-28	81.32	57.02	15.142	19.17	290.2721	1.266	770762.4147
MNH1_15	2015-05-29	81.62	62.51	15.169	22.065	334.704	1.4546	633766.058
MNH1_15	2015-05-30	69.38	48.92	15.195	9.69	147.2396	0.6377	558845.5317
MNH1_15	2015-05-31	60.74	44.06	15.22	5.37	81.7314	0.3528	404936.2287
MNH1_15	2015-06-01	63.38	44	15.244	6.69	101.9824	0.4389	483587.4845
MNH1_15	2015-06-02	70.64	45.98	15.267	10.32	157.5554	0.676	670306.6385
MNH1_15	2015-06-03	76.34	50.66	15.289	13.5	206.4015	0.883	762354.3832
MNH1_15	2015-06-04	72.98	50.96	15.309	11.97	183.2487	0.7819	639620.6149
MNH1_15	2015-06-05	72.02	57.02	15.329	14.52	222.5771	0.9472	454823.8833
MNH1_15	2015-06-06	77	59.36	15.348	18.18	279.0266	1.1845	566616.4182
MNH1_15	2015-06-07	79.34	60.02	15.366	19.68	302.4029	1.2807	635721.5263
MNH1_15	2015-06-08	78.38	59	15.383	18.69	287.5083	1.215	630027.2947
MNH1_15	2015-06-09	80.96	60.68	15.398	20.82	320.5864	1.3521	681055.4919
MNH1_15	2015-06-10	94.28	60.38	15.413	27.33	421.2373	1.7732	1245523.8867
MNH1_15	2015-06-11	80.06	60.74	15.426	20.4	314.6904	1.3224	647316.1329
MNH1_15	2015-06-12	62.3	56.96	15.439	9.63	148.6776	0.6237	151800.9175
MNH1_15	2015-06-13	74.36	59	15.45	16.68	257.706	1.0796	488960.4925
MNH1_15	2015-06-14	73.7	61.7	15.46	17.7	273.642	1.1449	388346.0477
MNH1_15	2015-06-15	84.32	65.66	15.468	24.99	386.5453	1.6156	669596.7167
MNH1_15	2015-06-16	73.64	52.04	15.476	12.84	198.7118	0.8297	650185.6278
MNH1_15	2015-06-17	76.28	59	15.483	17.64	273.1201	1.1393	560386.3657
MNH1_15	2015-06-18	78.68	57.32	15.488	18	278.784	1.1622	696836.4132
MNH1_15	2015-06-19	77.06	59.36	15.492	18.21	282.1093	1.1754	579517.1438
MNH1_15	2015-06-20	80.06	62.66	15.495	21.36	330.9732	1.3785	596234.6982
MNH1_15	2015-06-21	83.66	60.38	15.497	22.02	341.2439	1.4209	805306.7786
MNH1_15	2015-06-22	84.92	65	15.498	24.96	386.8301	1.6105	717298.9923
MNH1_15	2015-06-23	80.66	53.66	15.497	17.16	265.9285	1.1073	870963.0151
MNH1_15	2015-06-24	75.62	57.32	15.495	16.47	255.2026	1.0629	584103.657
MNH1_15	2015-06-25	77	59	15.492	18	278.856	1.1619	587525.0527
MNH1_15	2015-06-26	80.66	62.36	15.488	21.51	333.1469	1.3888	627824.9104
MNH1_15	2015-06-27	78.98	55.34	15.483	17.16	265.6883	1.1083	761199.3047
MNH1_15	2015-06-28	82.64	63.32	15.476	22.98	355.6385	1.4849	675395.8984
MNH1_15	2015-06-29	80	61.64	15.469	20.82	322.0646	1.3459	622276.0322
MNH1_15	2015-06-30	80.66	60.32	15.46	20.49	316.7754	1.3254	685373.6982
MNH1_15	2015-07-01	75.26	56.3	15.45	15.78	243.801	1.0214	595414.1691
MNH1_15	2015-07-02	66.26	47.96	15.439	8.13	125.5191	0.5266	498231.9569
MNH1_15	2015-07-03	75.02	52.7	15.426	13.86	213.8044	0.8985	678359.2544
MNH1_15	2015-07-04	78.08	57.68	15.413	17.88	275.5844	1.1601	657924.9461
MNH1_15	2015-07-05	81.98	60.68	15.399	21.33	328.4607	1.3852	720554.5437
MNH1_15	2015-07-06	84.98	66.68	15.383	25.83	397.3429	1.6791	656756.2606
MNH1_15	2015-07-07	72.98	49.7	15.366	11.49	176.5553	0.7478	674339.1916
MNH1_15	2015-07-08	67.7	52.7	15.349	10.2	156.5598	0.6645	425478.7926
MNH1_15	2015-07-09	72.68	54.68	15.33	13.68	209.7144	0.8924	538753.2031
MNH1_15	2015-07-10	79.34	60.02	15.31	19.68	301.3008	1.2854	631096.3104
MNH1_15	2015-07-11	83	64.34	15.289	23.67	361.8906	1.5482	642673.609
MNH1_15	2015-07-12	81.68	67.28	15.268	24.48	373.7606	1.6034	500030.4572
MNH1_15	2015-07-13	87.68	68.96	15.245	28.32	431.7384	1.8577	681496.1022
MNH1_15	2015-07-14	87.02	65.66	15.221	26.34	400.9211	1.7305	755561.4155
MNH1_15	2015-07-15	83.36	63.32	15.197	23.34	354.698	1.5358	678866.4489
MNH1_15	2015-07-16	81.02	66.26	15.171	23.64	358.6424	1.5582	500332.3105
MNH1_15	2015-07-17	78.38	65	15.144	21.69	328.4734	1.4323	439972.8639
MNH1_15	2015-07-18	89.96	66.32	15.117	28.14	425.3924	1.8615	844271.4452
MNH1_15	2015-07-19	87.68	57.98	15.089	22.83	344.4819	1.513	984957.9094
MNH1_15	2015-07-20	84.32	61.34	15.06	22.83	343.8198	1.5159	759172.1604
MNH1_15	2015-07-21	79.7	54.02	15.03	16.86	253.4058	1.1218	775727.7872
MNH1_15	2015-07-22	78.68	59.06	14.999	18.87	283.0311	1.2581	607972.1589
MNH1_15	2015-07-23	81.02	60.02	14.968	20.52	307.1434	1.3709	663573.6665
MNH1_15	2015-07-24	82.94	64.64	14.935	23.79	355.3037	1.5929	602405.6682
MNH1_15	2015-07-25	85.28	63.32	14.902	24.3	362.1186	1.6307	724669.9677
MNH1_15	2015-07-26	85.28	67.94	14.869	26.61	395.6641	1.7896	587392.0632
MNH1_15	2015-07-27	84.68	69.38	14.834	27.03	400.963	1.8222	518678.0551
MNH1_15	2015-07-28	83.36	68	14.799	25.68	380.0383	1.7353	509175.0036
MNH1_15	2015-07-29	84.26	58.34	14.763	21.3	314.4519	1.4428	805570.8863
MNH1_15	2015-07-30	80.3	57.68	14.727	18.99	279.6657	1.2895	676919.9518
MNH1_15	2015-07-31	83	59	14.69	21	308.49	1.4295	735433.1088
MNH1_15	2015-08-01	81.02	60.38	14.652	20.7	303.2964	1.4128	626545.9433
MNH1_15	2015-08-02	86	63.98	14.614	24.99	365.2039	1.71	705324.338
MNH1_15	2015-08-03	85.64	53	14.575	19.32	281.589	1.3256	961293.1036
MNH1_15	2015-08-04	77.36	51.32	14.536	14.34	208.4462	0.9865	708014.0251
MNH1_15	2015-08-05	78.02	53.72	14.496	15.87	230.0515	1.0948	672698.243
MNH1_15	2015-08-06	80.36	59.3	14.456	19.83	286.6625	1.3717	614648.2984
NEH4_15	2015-06-09	90.02	61.64	15.059	25.83	388.974	1.7153	976058.1887
NEH4_15	2015-06-10	93.98	64.94	15.072	29.46	444.0211	1.9546	1048375.6838
NEH4_15	2015-06-11	84.98	62.36	15.083	23.67	357.0146	1.5693	758208.6386
NEH4_15	2015-06-12	69.32	60.68	15.094	15	226.41	0.9938	255897.3486
NEH4_15	2015-06-13	71	60.74	15.104	15.87	239.7005	1.0507	308353.565
NEH4_15	2015-06-14	80	62.3	15.113	21.15	319.6399	1.3995	575280.3383
NEH4_15	2015-06-15	80.6	63.32	15.121	21.96	332.0572	1.4523	568624.9547
NEH4_15	2015-06-16	77.3	55.7	15.128	16.5	249.612	1.0907	657458.62
NEH4_15	2015-06-17	81.68	59.66	15.133	20.67	312.7991	1.3659	712742.1877
NEH4_15	2015-06-18	82.7	63.98	15.138	23.34	353.3209	1.5418	629236.2693
NEH4_15	2015-06-19	77.3	57.92	15.142	17.61	266.6506	1.163	600843.252
NEH4_15	2015-06-20	84.62	61.34	15.144	22.98	348.0091	1.5174	779288.0787
NEH4_15	2015-06-21	88.7	65	15.146	26.85	406.6701	1.7727	835637.8798
NEH4_15	2015-06-22	88.4	65.3	15.146	26.85	406.6701	1.7727	814482.4904
NEH4_15	2015-06-23	87.32	58.64	15.146	22.98	348.0551	1.5172	960304.3733
NEH4_15	2015-06-24	81.32	59.96	15.144	20.64	312.5722	1.3629	692090.8961
NEH4_15	2015-06-25	87.02	65.96	15.142	26.49	401.1116	1.7494	738685.386
NEH4_15	2015-06-26	81.62	66.62	15.138	24.12	365.1286	1.5933	509558.0502
NEH4_15	2015-06-27	82.64	59.36	15.133	21	317.793	1.3877	757044.458
NEH4_15	2015-06-28	85.28	62.72	15.128	24	363.072	1.5865	764124.0034
NEH4_15	2015-06-29	86.36	62.36	15.121	24.36	368.3476	1.611	816096.7442
NEH4_15	2015-06-30	82.28	62.66	15.113	22.47	339.5891	1.4868	649514.1618
NEH4_15	2015-07-01	80	64.04	15.104	22.02	332.5901	1.4579	524445.0053
NEH4_15	2015-07-02	79.34	63.62	15.094	21.48	324.2191	1.4231	512006.8514
NEH4_15	2015-07-03	74.06	60.98	15.084	17.52	264.2717	1.1615	401886.3176
NEH4_15	2015-07-04	79.04	57.32	15.072	18.18	274.009	1.2062	672804.0303
NEH4_15	2015-07-05	84.02	61.04	15.059	22.53	339.2793	1.4961	755944.5913
NEH4_15	2015-07-06	87.32	65.66	15.045	26.49	398.542	1.7607	750028.0281
NEH4_15	2015-07-07	75.02	55.64	15.03	15.33	230.4099	1.02	572024.1807
NEH4_15	2015-07-08	73.34	53.72	15.015	13.53	203.153	0.9011	562028.7436
NEH4_15	2015-07-09	77.3	55.7	14.998	16.5	247.467	1.1001	646207.6435
NEH4_15	2015-07-10	81.02	59.3	14.981	20.16	302.017	1.3457	684007.7225
NEH4_15	2015-07-11	81.38	64.34	14.962	22.86	342.0313	1.5279	555863.3671
NEH4_15	2015-07-12	91.34	71.66	14.943	31.5	470.7045	2.108	716289.0159
NEH4_15	2015-07-13	93.32	73.64	14.923	33.48	499.622	2.2435	731728.2262
NEH4_15	2015-07-14	92.96	68.66	14.902	30.81	459.1306	2.0675	872148.6124
NEH4_15	2015-07-15	85.64	69.32	14.88	27.48	408.9024	1.8468	559945.3269
NEH4_15	2015-07-16	86.36	69.02	14.857	27.69	411.3903	1.8638	594711.6649
NEH4_15	2015-07-17	90.98	69.32	14.833	30.15	447.2149	2.0326	763923.6724
NEH4_15	2015-07-18	93.02	68.36	14.809	30.69	454.4882	2.0724	872758.8264
NEH4_15	2015-07-19	86.36	68.3	14.784	27.33	404.0467	1.8486	610491.5534
NEH4_15	2015-07-20	85.7	68	14.758	26.85	396.2523	1.8194	592518.8154
NEH4_15	2015-07-21	84.68	60.32	14.732	22.5	331.47	1.5273	766599.8087
NEH4_15	2015-07-22	80.36	60.32	14.704	20.34	299.0794	1.3833	609538.3919
NEH4_15	2015-07-23	83.66	62	14.676	22.83	335.0531	1.5556	679538.6516
NEH4_15	2015-07-24	90.02	67.34	14.647	28.68	420.076	1.9581	765657.8865
NEH4_15	2015-07-25	91.34	69.74	14.618	30.54	446.4337	2.0892	743483.4186
NEH4_15	2015-07-26	83.36	69.08	14.588	26.22	382.4974	1.7974	463253.4441
NEH4_15	2015-07-27	88.7	71.36	14.557	30.03	437.1467	2.0629	588133.1645
NEH4_15	2015-07-28	87.38	71.96	14.526	29.67	430.9864	2.0425	518443.2998
NEH4_15	2015-07-29	87.02	61.4	14.494	24.21	350.8997	1.6703	798818.4124
NEH4_15	2015-07-30	85.64	60.02	14.462	22.83	330.1675	1.5786	780505.8193
NEH4_15	2015-07-31	89.72	61.7	14.429	25.71	370.9696	1.7818	883331.7477
NEH4_15	2015-08-01	89	64.04	14.395	26.52	381.7554	1.8423	791540.018
NEH4_15	2015-08-02	86.96	65.72	14.361	26.34	378.2687	1.8341	668815.0359
NEH4_15	2015-08-03	89.66	66.32	14.326	27.99	400.9847	1.9538	747170.4049
NEH4_15	2015-08-04	80.36	66.32	14.291	23.34	333.5519	1.6332	420594.1691
NEH4_15	2015-08-05	80.96	65.3	14.256	23.13	329.7413	1.6225	465492.513
NEH4_15	2015-08-06	79.52	66.47	14.219	22.995	326.9659	1.6172	385187.0952
NEH4_15	2015-08-07	82.7	65.3	14.183	24	340.392	1.6922	518020.7657
NEH4_15	2015-08-08	87.02	66.68	14.146	26.85	379.8201	1.8981	625593.35
NEH4_15	2015-08-09	85.04	68.96	14.108	27	380.916	1.9138	492875.9955
NEH4_15	2015-08-10	85.34	65.96	14.071	25.65	360.9211	1.8229	580554.0069
NEH4_15	2015-08-11	82.64	60.02	14.033	21.33	299.3239	1.52	635471.1969
NEH4_15	2015-08-12	83.96	60.68	13.994	22.32	312.3461	1.595	659409.3916
NEH4_15	2015-08-13	85.64	62.72	13.955	24.18	337.4319	1.7327	662202.9629
NEH4_15	2015-08-14	86.36	65.36	13.916	25.86	359.8678	1.8583	617008.247
NEH4_15	2015-08-15	87.08	65.96	13.876	26.52	367.9915	1.9112	622339.6241
NEH4_15	2015-08-16	86.72	65.72	13.836	26.22	362.7799	1.8951	612829.0465
NEH4_15	2015-08-17	83	66.32	13.796	24.66	340.2094	1.7875	474045.9046
NEH4_15	2015-08-18	73.7	62.96	13.755	18.33	252.1291	1.3326	277694.25
NEH4_15	2015-08-19	73.34	51.98	13.715	12.66	173.6319	0.9231	503515.9802
NEH4_15	2015-08-20	76.28	53	13.673	14.64	200.1727	1.0707	562654.6948
NEH4_15	2015-08-21	82.04	55.7	13.632	18.87	257.2358	1.3842	674209.7118
NEH4_15	2015-08-22	83.36	60.02	13.59	21.69	294.7671	1.596	618056.732
NEH4_15	2015-08-23	83.06	54.32	13.549	18.69	253.2308	1.3794	724810.9761
NEH4_15	2015-08-24	74	47.3	13.506	12	162.072	0.8885	590779.6851
NEH4_15	2015-08-25	77	47.66	13.464	13.5	181.764	1.0027	663033.4483
NEH4_15	2015-08-26	76.28	53.3	13.422	14.79	198.5114	1.1019	536441.6244
NEH4_15	2015-08-27	78.38	58.34	13.379	18.36	245.6384	1.3723	490430.0518
OHH1_15	2015-05-21	56.6	40.28	14.524	3.3	47.9292	0.2272	333523.7499
OHH1_15	2015-05-22	62.66	43.7	14.552	6.33	92.1142	0.435	427033.5863
OHH1_15	2015-05-23	74.66	46.04	14.578	12.33	179.7467	0.8458	734129.695
OHH1_15	2015-05-24	80.36	49.64	14.605	15.18	221.7039	1.0394	851858.9414
OHH1_15	2015-05-25	81.98	54.02	14.63	18	263.34	1.2303	813888.1545
OHH1_15	2015-05-26	79.7	64.64	14.655	22.17	324.9014	1.5128	466856.4017
OHH1_15	2015-05-27	84.02	60.98	14.679	22.5	330.2775	1.5328	719852.3354
OHH1_15	2015-05-28	82.28	61.7	14.702	21.99	323.297	1.4957	640472.3368
OHH1_15	2015-05-29	83.3	63.38	14.725	23.34	343.6815	1.5851	633535.3349
OHH1_15	2015-05-30	84.32	64.64	14.746	24.48	360.9821	1.6601	637445.7308
OHH1_15	2015-05-31	81.32	56.3	14.767	18.81	277.7673	1.2738	750850.3865
OHH1_15	2015-06-01	65.06	48.02	14.788	7.53	111.3536	0.5092	421380.3447
OHH1_15	2015-06-02	58.34	47.96	14.807	4.17	61.7452	0.2816	241916.0991
OHH1_15	2015-06-03	68.3	51.62	14.825	9.96	147.657	0.6718	439619.6237
OHH1_15	2015-06-04	76.7	56.36	14.843	16.53	245.3548	1.1137	596268.4668
OHH1_15	2015-06-05	82.7	58.34	14.86	20.52	304.9272	1.3809	758677.4959
OHH1_15	2015-06-06	81.26	57.32	14.875	19.29	286.9387	1.2968	734071.9881
OHH1_15	2015-06-07	80	55.34	14.89	17.67	263.1063	1.1867	739960.675
OHH1_15	2015-06-08	81.32	56.96	14.904	19.14	285.2626	1.2842	748242.4418
OHH1_15	2015-06-09	76.34	56.3	14.918	16.32	243.4618	1.094	591552.6933
OHH1_15	2015-06-10	79.7	57.32	14.93	18.51	276.3543	1.2398	683539.5699
OHH1_15	2015-06-11	89	63.98	14.941	26.49	395.7871	1.773	854439.4532
OHH1_15	2015-06-12	89	65.96	14.951	27.48	410.8535	1.838	798072.903
OHH1_15	2015-06-13	87.98	67.64	14.961	27.81	416.0654	1.8588	708496.3308
OHH1_15	2015-06-14	88.7	69.02	14.969	28.86	432.0053	1.928	695500.4883
OHH1_15	2015-06-15	86.72	69.38	14.976	28.05	420.0768	1.873	607076.8318
OHH1_15	2015-06-16	84.38	68	14.983	26.19	392.4048	1.748	560324.2593
OHH1_15	2015-06-17	78.68	65.3	14.988	21.99	329.5861	1.4672	432758.5445
OHH1_15	2015-06-18	76.34	65.96	14.993	21.15	317.1019	1.4107	332031.5368
OHH1_15	2015-06-19	81.62	66.98	14.996	24.3	364.4028	1.6204	489227.3743
OHH1_15	2015-06-20	72.68	66.32	14.999	19.5	292.4805	1.3001	198882.4797
OHH1_15	2015-06-21	77.36	65.3	15	21.33	319.95	1.422	387107.91
OHH1_15	2015-06-22	83.96	65.3	15.001	24.63	369.4746	1.6419	626751.6685
OHH1_15	2015-06-23	83.66	65	15	24.33	364.95	1.622	624149.01
OHH1_15	2015-06-24	82.64	59.36	14.999	21	314.979	1.4001	743696.8305
OHH1_15	2015-06-25	80	60.38	14.996	20.19	302.7692	1.3464	619377.0434
OHH1_15	2015-06-26	77.66	63.98	14.993	20.82	312.1543	1.3886	435561.1116
OHH1_15	2015-06-27	73.28	61.94	14.988	17.61	263.9387	1.1749	344462.0287
OHH1_15	2015-06-28	69.98	56.3	14.983	13.14	196.8766	0.877	387809.3089
OHH1_15	2015-06-29	73.04	56.3	14.976	14.67	219.6979	0.9796	485601.448
OHH1_15	2015-06-30	70.7	57.62	14.969	14.16	211.961	0.946	376086.4372
OHH1_15	2015-07-01	75.02	59	14.961	17.01	254.4866	1.137	480566.3651
OHH1_15	2015-07-02	75.62	58.7	14.951	17.16	256.5592	1.1477	508020.836
OHH1_15	2015-07-03	74	59.36	14.941	16.68	249.2159	1.1164	435838.9053
OHH1_15	2015-07-04	76.64	56.96	14.93	16.8	250.824	1.1253	586072.2625
OHH1_15	2015-07-05	77.96	57.62	14.918	17.79	265.3912	1.1925	613716.4776
OHH1_15	2015-07-06	79.64	60.02	14.905	19.83	295.5661	1.3304	608744.4314
OHH1_15	2015-07-07	82.64	60.38	14.891	21.51	320.3054	1.4445	705943.0402
OHH1_15	2015-07-08	77	61.4	14.876	19.2	285.6192	1.2907	477785.5686
OHH1_15	2015-07-09	74.36	62.72	14.86	18.54	275.5044	1.2476	352342.2269
OHH1_15	2015-07-10	75.32	63.68	14.844	19.5	289.458	1.3137	356508.3219
OHH1_15	2015-07-11	76.7	59.66	14.826	18.18	269.5367	1.2262	510745.5302
OHH1_15	2015-07-12	79.04	60.98	14.808	20.01	296.3081	1.3513	554498.8257
OHH1_15	2015-07-13	77.72	63.68	14.789	20.7	306.1323	1.3997	434204.3151
OHH1_15	2015-07-14	76.64	64.64	14.769	20.64	304.8322	1.3975	369797.6213
OHH1_15	2015-07-15	79.28	61.28	14.748	20.28	299.0894	1.3751	550301.2654
OHH1_15	2015-07-16	76.7	53	14.726	14.85	218.6811	1.0084	666588.6496
OHH1_15	2015-07-17	82.7	56.96	14.704	19.83	291.5803	1.3486	777233.6024
OHH1_15	2015-07-18	88.64	65.66	14.681	27.15	398.5891	1.8493	764235.5356
OHH1_15	2015-07-19	89.3	67.94	14.657	28.62	419.4833	1.9527	721530.1099
OHH1_15	2015-07-20	84.62	69.38	14.633	27	395.091	1.8451	502542.0801
OHH1_15	2015-07-21	83	60.68	14.607	21.84	319.0169	1.4952	684246.474
OHH1_15	2015-07-22	80.3	56.66	14.581	18.48	269.4569	1.2674	688360.3385
OHH1_15	2015-07-23	78.98	56.66	14.555	17.82	259.3701	1.2243	641366.6756
OHH1_15	2015-07-24	82.94	57.32	14.527	20.13	292.4285	1.3857	758341.5171
OHH1_15	2015-07-25	84.32	59.36	14.5	21.84	316.68	1.5062	754009.6512
OHH1_15	2015-07-26	85.28	63.62	14.471	24.45	353.8159	1.6896	675383.1745
OHH1_15	2015-07-27	85.28	68.66	14.442	26.97	389.5007	1.8675	533626.2474
OHH1_15	2015-07-28	84.68	66.62	14.412	25.65	369.6678	1.7798	567551.376
OHH1_15	2015-07-29	89	66.32	14.382	27.66	397.8061	1.9232	728633.2756
OHH1_15	2015-07-30	86.66	64.34	14.351	25.5	365.9505	1.7769	694121.4518
OHH1_15	2015-07-31	84.02	61.34	14.319	22.68	324.7549	1.5839	675948.0861
OHH1_15	2015-08-01	83.36	60.02	14.288	21.69	309.9067	1.5181	683175.5433
OHH1_15	2015-08-02	83	60.38	14.255	21.69	309.191	1.5216	659045.8353
OHH1_15	2015-08-03	84.68	60.62	14.222	22.65	322.1283	1.5926	707102.8471
OHH1_15	2015-08-04	80.72	59.3	14.189	20.01	283.9219	1.4102	603827.8185
OHH1_15	2015-08-05	80.72	57.68	14.155	19.2	271.776	1.3564	638907.9796
OHH1_15	2015-08-06	75.98	58.64	14.121	17.31	244.4345	1.2258	465467.7384
OHH1_15	2015-08-07	70.04	57.26	14.086	13.65	192.2739	0.969	322800.8173
OHH1_15	2015-08-08	81.32	56.66	14.051	18.99	266.8285	1.3515	671774.7569
ONH2_15	2015-05-07	64.94	48.92	14.273	7.47	106.6193	0.5234	371590.1752
ONH2_15	2015-05-08	78.38	57.56	14.312	17.97	257.1866	1.2556	579733.8324
ONH2_15	2015-05-09	80.36	56.78	14.351	18.57	266.4981	1.294	665997.0029
ONH2_15	2015-05-10	72.74	56.24	14.388	14.49	208.4821	1.0071	440562.1421
ONH2_15	2015-05-11	77.3	57.62	14.426	17.46	251.878	1.2103	552577.6083
ONH2_15	2015-05-12	60.26	50.24	14.463	5.25	75.9307	0.363	231604.3819
ONH2_15	2015-05-13	54.8	38.72	14.499	2.4	34.7976	0.1655	316130.6777
ONH2_15	2015-05-14	58.88	33.08	14.535	4.44	64.5354	0.3055	501243.4849
ONH2_15	2015-05-15	65.72	48.02	14.57	7.86	114.5202	0.5395	427371.5361
ONH2_15	2015-05-16	66.26	52.22	14.604	9.24	134.941	0.6327	354777.2817
ONH2_15	2015-05-17	68.06	55.52	14.638	11.79	172.582	0.8054	332054.3798
ONH2_15	2015-05-18	75.32	58.4	14.672	16.86	247.3699	1.1491	487052.0361
ONH2_15	2015-05-19	64.34	45.86	14.704	7.17	105.4277	0.4876	440305.9452
ONH2_15	2015-05-20	55.28	38.48	14.736	2.64	38.903	0.1792	342047.2523
ONH2_15	2015-05-21	61.34	47.06	14.768	5.67	83.7346	0.3839	337598.771
ONH2_15	2015-05-22	60.5	42.92	14.798	5.25	77.6895	0.3548	398134.1677
ONH2_15	2015-05-23	63.74	36.32	14.828	6.87	101.8684	0.4633	603244.1288
ONH2_15	2015-05-24	75.02	50.36	14.857	12.69	188.5353	0.8541	682470.0299
ONH2_15	2015-05-25	74.18	59.36	14.885	16.77	249.6214	1.1266	438487.5364
ONH2_15	2015-05-26	73.76	59.84	14.913	16.8	250.5384	1.1265	413595.4278
ONH2_15	2015-05-27	71.84	58.94	14.939	15.39	229.9112	1.0302	376507.9041
ONH2_15	2015-05-28	71.42	53.72	14.965	12.57	188.1101	0.84	496047.0364
ONH2_15	2015-05-29	75.44	57.5	14.99	16.47	246.8853	1.0987	535897.0654
ONH2_15	2015-05-30	78.26	54.8	15.014	16.53	248.1814	1.101	703668.8886
ONH2_15	2015-05-31	53.48	46.52	15.038	1.74	26.1661	0.1157	157394.445
ONH2_15	2015-06-01	58.88	47.48	15.06	4.44	66.8664	0.2948	275000.2722
ONH2_15	2015-06-02	58.88	47.48	15.081	4.44	66.9596	0.2944	275767.74
ONH2_15	2015-06-03	64.28	48.44	15.102	7.14	107.8283	0.4728	407216.2397
ONH2_15	2015-06-04	70.1	53.24	15.121	11.67	176.4621	0.7718	475469.3662
ONH2_15	2015-06-05	74.78	56.96	15.14	15.87	240.2718	1.0482	538117.4917
ONH2_15	2015-06-06	66.26	52.88	15.158	9.57	145.0621	0.6313	366266.7667
ONH2_15	2015-06-07	72.2	48.62	15.174	11.1	168.4314	0.7315	655968.2082
ONH2_15	2015-06-08	71.12	60.68	15.19	15.9	241.521	1.0467	317491.0277
ONH2_15	2015-06-09	73.34	58.58	15.205	15.96	242.6718	1.0497	450163.0546
ONH2_15	2015-06-10	81.2	57.92	15.218	19.56	297.6641	1.2853	750045.6636
ONH2_15	2015-06-11	69.68	55.58	15.231	12.63	192.3675	0.8292	409721.1248
ONH2_15	2015-06-12	79.58	57.14	15.242	18.36	279.8431	1.2046	712752.6109
ONH2_15	2015-06-13	65.9	56.42	15.252	11.16	170.2123	0.7317	269748.7264
ONH2_15	2015-06-14	77.54	60.26	15.262	18.9	288.4518	1.2384	554645.9602
ONH2_15	2015-06-15	78.86	66.8	15.27	22.83	348.6141	1.4951	409605.4132
ONH2_15	2015-06-16	76.46	61.34	15.277	18.9	288.7353	1.2372	486269.6518
ONH2_15	2015-06-17	66.62	56.48	15.283	11.55	176.5187	0.7557	291550.1265
ONH2_15	2015-06-18	77.66	61.64	15.288	19.65	300.4092	1.2853	521572.8497
ONH2_15	2015-06-19	71.48	54.62	15.292	13.05	199.5606	0.8534	497165.7881
ONH2_15	2015-06-20	69.8	56.18	15.295	12.99	198.6821	0.8493	401400.2829
ONH2_15	2015-06-21	79.22	62.42	15.297	20.82	318.4835	1.3611	556810.9062
ONH2_15	2015-06-22	76.16	59.96	15.297	18.06	276.2638	1.1806	515999.7466
ONH2_15	2015-06-23	76.88	62.12	15.297	19.5	298.2915	1.2748	480080.0855
ONH2_15	2015-06-24	75.2	54.08	15.295	14.64	223.9188	0.9572	638740.1559
ONH2_15	2015-06-25	71.12	57.14	15.292	14.13	216.076	0.924	419302.05
ONH2_15	2015-06-26	70.16	57.98	15.288	14.07	215.1022	0.9203	364781.963
ONH2_15	2015-06-27	65.12	58.7	15.283	11.91	182.0205	0.7793	185670.5629
ONH2_15	2015-06-28	67.34	56.3	15.277	11.82	180.5741	0.7737	318569.5243
ONH2_15	2015-06-29	73.34	57.14	15.27	15.24	232.7148	0.998	492875.2799
ONH2_15	2015-06-30	70.58	60.08	15.262	15.33	233.9665	1.0045	319561.7946
ONH2_15	2015-07-01	71.66	58.4	15.253	15.03	229.2526	0.9854	401234.0802
ONH2_15	2015-07-02	69.68	53.84	15.242	11.76	179.2459	0.7716	454544.4662
ONH2_15	2015-07-03	71.06	53.6	15.231	12.33	187.7982	0.8095	504926.5394
ONH2_15	2015-07-04	75.68	52.34	15.218	14.01	213.2042	0.9206	691980.4648
ONH2_15	2015-07-05	77.18	58.58	15.205	17.88	271.8654	1.1759	583791.3052
ONH2_15	2015-07-06	79.28	61.94	15.19	20.61	313.0659	1.3568	565016.1324
ONH2_15	2015-07-07	75.26	57.8	15.175	16.53	250.8428	1.0893	534994.3037
ONH2_15	2015-07-08	67.1	53.06	15.158	10.08	152.7926	0.665	387624.1554
ONH2_15	2015-07-09	72.32	57.98	15.141	15.15	229.3862	1.0006	428353.8611
ONH2_15	2015-07-10	75.02	53.72	15.122	14.37	217.3031	0.9503	627063.5773
ONH2_15	2015-07-11	76.88	56.48	15.103	16.68	251.918	1.1044	620557.7432
ONH2_15	2015-07-12	74.78	60.44	15.082	17.61	265.594	1.1676	441070.443
ONH2_15	2015-07-13	76.16	58.4	15.061	17.28	260.2541	1.1473	542083.96
ONH2_15	2015-07-14	80.12	62.84	15.039	21.48	323.0377	1.4283	558722.5455
ONH2_15	2015-07-15	71.06	56.18	15.016	13.62	204.5179	0.907	426908.8037
ONH2_15	2015-07-16	71	52.34	14.992	11.67	174.9566	0.7784	517290.7714
ONH2_15	2015-07-17	77.3	66.44	14.967	21.87	327.3283	1.4612	349684.9837
ONH2_15	2015-07-18	82.28	67.52	14.942	24.9	372.0558	1.6664	493646.0144
ONH2_15	2015-07-19	85.22	66.74	14.915	25.98	387.4917	1.7419	624709.0064
ONH2_15	2015-07-20	77.84	61.28	14.888	19.56	291.2093	1.3138	510649.1598
ONH2_15	2015-07-21	77.96	63.98	14.86	20.97	311.6142	1.4112	438177.0137
ONH2_15	2015-07-22	75.32	55.82	14.831	15.57	230.9187	1.0498	562484.6309
ONH2_15	2015-07-23	79.76	61.22	14.802	20.49	303.293	1.3843	572674.7512
ONH2_15	2015-07-24	79.94	60.44	14.771	20.19	298.2265	1.3669	597254.7958
ONH2_15	2015-07-25	81.32	65.36	14.74	23.34	344.0316	1.5834	508626.2326
ONH1_15	2015-04-30	66.92	36.86	14.062	8.46	118.9645	0.6016	616874.5168
ONH1_15	2015-05-01	68.24	37.64	14.105	9.12	128.6376	0.6466	644586.9965
ONH1_15	2015-05-02	72.5	37.4	14.148	11.25	159.165	0.7952	772137.973
ONH1_15	2015-05-03	78.8	39.11	14.191	14.4	204.3504	1.0147	942448.7405
ONH1_15	2015-05-04	71.24	46.52	14.233	10.62	151.1545	0.7462	589710.9094
ONH1_15	2015-05-05	63.68	40.22	14.275	6.84	97.641	0.4792	496701.8633
ONH1_15	2015-05-06	71.51	42.98	14.316	10.755	153.9686	0.7513	669441.6154
ONH1_15	2015-05-07	81.5	43.88	14.357	15.75	226.1227	1.097	972242.1773
ONH1_15	2015-05-08	86.45	49.64	14.398	18.225	262.4035	1.2658	1038475.7749
ONH1_15	2015-05-09	85.94	53.18	14.438	19.56	282.4073	1.3548	950052.3511
ONH1_15	2015-05-10	83.06	58.64	14.477	20.85	301.8455	1.4402	725224.8196
ONH1_15	2015-05-11	80.24	55.49	14.516	17.865	259.3283	1.2307	707856.0877
ONH1_15	2015-05-12	60.26	46.13	14.555	5.13	74.6671	0.3525	318469.1658
ONH1_15	2015-05-13	58.58	37.58	14.592	4.29	62.5997	0.294	429975.1843
ONH1_15	2015-05-14	64.13	30.92	14.63	7.065	103.361	0.4829	675631.1259
ONH1_15	2015-05-15	63.95	46.13	14.666	6.975	102.2953	0.4756	421929.1026
ONH1_15	2015-05-16	75.11	53.33	14.702	14.22	209.0624	0.9672	604659.679
ONH1_15	2015-05-17	76.82	52.34	14.738	14.58	214.88	0.9893	686778.2839
ONH1_15	2015-05-18	82.64	55.52	14.772	19.08	281.8498	1.2916	817618.3083
ONH1_15	2015-05-19	61.34	43.52	14.806	5.67	83.95	0.383	409631.2146
ONH1_15	2015-05-20	58.64	36.05	14.84	4.32	64.1088	0.2911	471072.931
ONH1_15	2015-05-21	65.03	43.16	14.872	7.515	111.7631	0.5053	523328.8262
ONH1_15	2015-05-22	62.3	35.72	14.904	6.15	91.6596	0.4126	578729.1509
ONH1_15	2015-05-23	71.51	27.32	14.935	10.755	160.6259	0.7201	974144.2038
ONH1_15	2015-05-24	79.97	45.86	14.965	14.985	224.2505	1.0013	961212.3859
ONH1_15	2015-05-25	79.79	59.81	14.995	19.8	296.901	1.3204	627153.4885
ONH1_15	2015-05-26	80.72	61.82	15.024	21.27	319.5605	1.4157	608092.5861
ONH1_15	2015-05-27	80.3	61.16	15.051	20.73	312.0072	1.3773	613347.0753
ONH1_15	2015-05-28	78.2	53.54	15.078	15.87	239.2879	1.0525	738581.1328
ONH1_15	2015-05-29	82.4	51.26	15.104	16.83	254.2003	1.1143	949519.7859
ONH1_15	2015-05-30	80.78	56.36	15.13	18.57	280.9641	1.2274	766633.2667
ONH1_15	2015-05-31	49.46	43.52	15.154	0	0	0	126832.4999
ONH1_15	2015-06-01	58.88	43.28	15.177	4.44	67.3859	0.2925	367094.0547
ONH1_15	2015-06-02	58.88	43.28	15.2	4.44	67.488	0.2921	368207.5238
ONH1_15	2015-06-03	68.3	43.04	15.221	9.15	139.2722	0.6011	651584.7857
ONH1_15	2015-06-04	74.48	44.33	15.242	12.24	186.5621	0.803	832193.323
ONH1_15	2015-06-05	77.48	50.42	15.261	13.95	212.8909	0.9141	806054.3414
ONH1_15	2015-06-06	71.18	46.04	15.279	10.59	161.8046	0.6931	687949.9639
ONH1_15	2015-06-07	75.38	41.18	15.297	12.69	194.1189	0.8296	932799.2284
ONH1_15	2015-06-08	72.23	61.07	15.313	16.65	254.9614	1.0873	348830.8683
ONH1_15	2015-06-09	70.34	55.67	15.328	13.005	199.3406	0.8484	434316.28
ONH1_15	2015-06-10	82.4	52.16	15.342	17.28	265.1098	1.1263	957771.0861
ONH1_15	2015-06-11	75.8	50.42	15.356	13.11	201.3172	0.8537	755398.2954
ONH1_15	2015-06-12	67.4	54.5	15.368	10.95	168.2796	0.7125	371388.216
ONH1_15	2015-06-13	73.13	53.24	15.378	13.185	202.7589	0.8574	594399.5634
ONH1_15	2015-06-14	72.74	56.78	15.388	14.76	227.1269	0.9592	489479.0157
ONH1_15	2015-06-15	80.48	61.82	15.397	21.15	325.6465	1.3736	629489.8894
ONH1_15	2015-06-16	75.47	58.01	15.404	16.74	257.863	1.0867	553002.9617
ONH1_15	2015-06-17	72.5	51.8	15.411	12.15	187.2437	0.7884	611087.0987
ONH1_15	2015-06-18	75.56	53.42	15.416	14.49	223.3778	0.9399	678646.1543
ONH1_15	2015-06-19	72.38	53.6	15.42	12.99	200.3058	0.8424	562556.231
ONH1_15	2015-06-20	75.47	48.02	15.423	12.735	196.4119	0.8257	806328.2145
ONH1_15	2015-06-21	77	58.19	15.424	17.595	271.3853	1.1408	604961.0262
ONH1_15	2015-06-22	80.96	56.75	15.425	18.855	290.8384	1.2224	793250.9724
ONH1_15	2015-06-23	75.8	57.86	15.424	16.83	259.5859	1.0912	570450.452
ONH1_15	2015-06-24	75.2	51.8	15.423	13.5	208.2105	0.8753	706898.8832
ONH1_15	2015-06-25	77.42	54.08	15.42	15.75	242.865	1.0214	729785.7046
ONH1_15	2015-06-26	74.48	54.74	15.416	14.61	225.2278	0.9477	606206.0807
ONH1_15	2015-06-27	65.72	54.56	15.411	10.14	156.2675	0.658	318800.6916
ONH1_15	2015-06-28	62.42	53.18	15.404	7.8	120.1512	0.5064	253452.6435
ONH1_15	2015-06-29	75.11	55.76	15.397	15.435	237.6527	1.0025	600334.4851
ONH1_15	2015-06-30	68.3	52.28	15.388	10.29	158.3425	0.6687	457406.3048
ONH1_15	2015-07-01	69.08	55.52	15.378	12.3	189.1494	0.7998	399555.8052
ONH1_15	2015-07-02	69.2	48.68	15.368	9.6	147.5328	0.6247	571284.1663
ONH1_15	2015-07-03	72.32	45.05	15.356	11.16	171.373	0.7268	754741.8802
ONH1_15	2015-07-04	78.08	46.94	15.343	14.04	215.4157	0.9151	916470.8856
ONH1_15	2015-07-05	80.87	53.69	15.329	17.28	264.8851	1.1273	859395.5079
ONH1_15	2015-07-06	83.66	54.23	15.313	18.945	290.1048	1.2372	951576.2601
ONH1_15	2015-07-07	78.5	57.62	15.297	18.06	276.2638	1.1806	665066.34
ONH1_15	2015-07-08	71.66	53.3	15.28	12.48	190.6944	0.8168	535661.4615
ONH1_15	2015-07-09	73.76	54.05	15.262	13.905	212.2181	0.9111	586778.7229
ONH1_15	2015-07-10	78.08	50.45	15.242	14.265	217.4271	0.9359	825029.176
ONH1_15	2015-07-11	80.96	53.15	15.222	17.055	259.6112	1.1204	864182.7371
ONH1_15	2015-07-12	79.88	55.76	15.201	17.82	270.8818	1.1723	755978.4273
ONH1_15	2015-07-13	80.18	56.72	15.179	18.45	280.0525	1.2155	739976.2446
ONH1_15	2015-07-14	74.3	59.84	15.155	17.07	258.6959	1.1264	445490.5299
ONH1_15	2015-07-15	72.14	50.18	15.131	11.16	168.862	0.7376	614985.7755
ONH1_15	2015-07-16	74.12	47.12	15.106	12.06	182.1784	0.7984	746979.4472
ONH1_15	2015-07-17	73.52	53.6	15.08	13.56	204.4848	0.8992	575845.3992
ONH1_15	2015-07-18	85.28	65.39	15.054	25.335	381.3931	1.6829	679149.5149
