env_code	date	TMAX	TMIN	DL	GDD	DTR	PTT	PTR	PTD1	PTD2	PTS
DEH1_15	2015-04-29	73.94	43.64	13.707	11.97	30.3	164.0728	0.8733	415.3221	2.2105	669361.7785
DEH1_15	2015-04-30	72.02	49.94	13.744	11.01	22.08	151.3214	0.8011	303.4675	1.6065	508677.7923
DEH1_15	2015-05-01	57.98	45.38	13.78	3.99	12.6	54.9822	0.2896	173.628	0.9144	247298.4993
DEH1_15	2015-05-02	71.36	41.36	13.816	10.68	30	147.5549	0.773	414.48	2.1714	645486.0842
DEH1_15	2015-05-03	79.7	44.66	13.852	14.85	35.04	205.7022	1.072	485.3741	2.5296	836122.2424
DEH1_15	2015-05-04	83	50	13.887	16.5	33	229.1355	1.1882	458.271	2.3763	846413.2471
DEH1_15	2015-05-05	83	62.36	13.922	22.68	20.64	315.751	1.6291	287.3501	1.4825	581510.9086
DEH1_15	2015-05-06	80.66	56.36	13.956	18.51	24.3	258.3256	1.3263	339.1308	1.7412	648503.2521
DEH1_15	2015-05-07	76.64	52.64	13.99	14.64	24	204.8136	1.0465	335.76	1.7155	607264.6687
DEH1_15	2015-05-08	80.66	55.34	14.024	18	25.32	252.432	1.2835	355.0877	1.8055	677245.9489
DEH1_15	2015-05-09	81.68	63.68	14.057	22.68	18	318.8128	1.6134	253.026	1.2805	517014.483
DEH1_15	2015-05-10	84.32	65	14.09	24.66	19.32	347.4594	1.7502	272.2188	1.3712	572726.251
DEH1_15	2015-05-11	79.04	65.3	14.122	22.17	13.74	313.0847	1.5699	194.0363	0.973	395517.6312
DEH1_15	2015-05-12	88.04	64.64	14.154	26.34	23.4	372.8164	1.861	331.2036	1.6532	715741.8166
DEH1_15	2015-05-13	78.32	56.36	14.185	17.34	21.96	245.9679	1.2224	311.5026	1.5481	595105.7188
DEH1_15	2015-05-14	70.04	47.3	14.216	10.02	22.74	142.4443	0.7048	323.2718	1.5996	539251.5149
DEH1_15	2015-05-15	75.26	45.62	14.246	12.63	29.64	179.927	0.8866	422.2514	2.0806	727140.8284
DEH1_15	2015-05-16	83.6	58.34	14.276	20.97	25.26	299.3677	1.4689	360.6118	1.7694	730720.3894
DEH1_15	2015-05-17	83.66	66.92	14.305	25.29	16.74	361.7734	1.7679	239.4657	1.1702	515820.3487
DEH1_15	2015-05-18	87.68	66.32	14.334	27	21.36	387.018	1.8836	306.1742	1.4902	675860.0396
DEH1_15	2015-05-19	83.3	66.62	14.362	24.96	16.68	358.4755	1.7379	239.5582	1.1614	515804.9013
DEH1_15	2015-05-20	71.96	53.6	14.39	12.78	18.36	183.9042	0.8881	264.2004	1.2759	477359.502
DEH1_15	2015-05-21	57.02	47.66	14.416	3.51	9.36000000000001	50.6002	0.2435	134.9338	0.6493	203624.0682
DEH1_15	2015-05-22	73.04	48.62	14.443	11.52	24.42	166.3834	0.7976	352.6981	1.6908	619738.2397
DEH1_15	2015-05-23	71	48.32	14.468	10.5	22.68	151.914	0.7257	328.1342	1.5676	566465.2787
DEH1_15	2015-05-24	78.38	46.34	14.493	14.19	32.04	205.6557	0.9791	464.3557	2.2107	839354.0572
DEH1_15	2015-05-25	81.98	55.7	14.518	18.84	26.28	273.5191	1.2977	381.533	1.8102	762622.8302
DEH1_15	2015-05-26	84.68	57.32	14.541	21	27.36	305.361	1.4442	397.8418	1.8816	821472.4186
DEH1_15	2015-05-27	87.02	61.64	14.564	24.33	25.38	354.3421	1.6706	369.6343	1.7427	800289.4408
DEH1_15	2015-05-28	85.34	68	14.586	26.67	17.34	389.0086	1.8285	252.9212	1.1888	565688.0057
DEH1_15	2015-05-29	84.98	64.34	14.608	24.66	20.64	360.2333	1.6881	301.5091	1.4129	657671.761
DEH1_15	2015-05-30	85.94	64.34	14.628	25.14	21.6	367.7479	1.7186	315.9648	1.4766	694584.1054
DEH1_15	2015-05-31	87.74	67.34	14.648	27.54	20.4	403.4059	1.8801	298.8192	1.3927	678801.2327
DEH1_15	2015-06-01	90.02	68.3	14.667	29.16	21.72	427.6897	1.9881	318.5672	1.4809	739738.4383
DEH1_15	2015-06-02	74.66	56.96	14.686	15.81	17.7	232.1857	1.0765	259.9422	1.2052	502460.8175
DEH1_15	2015-06-03	60.68	55.64	14.703	8.16	5.04	119.9765	0.555	74.1031	0.3428	126735.0803
DEH1_15	2015-06-04	61.7	57.32	14.72	9.51	4.38	139.9872	0.6461	64.4736	0.2976	112956.0967
DEH1_15	2015-06-05	66.02	58.28	14.736	12.15	7.73999999999999	179.0424	0.8245	114.0566	0.5252	208915.8138
DEH1_15	2015-06-06	78.38	58.34	14.751	18.36	20.04	270.8284	1.2447	295.61	1.3586	596173.5347
DEH1_15	2015-06-07	74.66	53.66	14.765	14.16	21	209.0724	0.959	310.065	1.4223	587463.0399
DEH1_15	2015-06-08	83.3	57.98	14.779	20.64	25.32	305.0386	1.3966	374.2043	1.7132	781329.9748
DEH1_15	2015-06-09	84.32	68.36	14.791	26.34	15.96	389.5949	1.7808	236.0644	1.079	533101.7552
DEH1_15	2015-06-10	83	61.34	14.803	22.17	21.66	328.1825	1.4977	320.633	1.4632	685085.2726
DEH1_15	2015-06-11	90.62	63.68	14.813	27.15	26.94	402.173	1.8328	399.0622	1.8187	912114.927
DEH1_15	2015-06-12	91.7	72.62	14.823	32.16	19.08	476.7077	2.1696	282.8228	1.2872	688875.9355
DEH1_15	2015-06-13	90.68	73.04	14.832	31.86	17.64	472.5475	2.1481	261.6365	1.1893	635330.5667
DEH1_15	2015-06-14	89.66	72.02	14.84	30.84	17.64	457.6656	2.0782	261.7776	1.1887	628091.1631
DEH1_15	2015-06-15	88.34	72.68	14.847	30.51	15.66	452.982	2.055	232.504	1.0548	555838.9765
DEH1_15	2015-06-16	92.6	72.32	14.853	32.46	20.28	482.1284	2.1854	301.2188	1.3654	737852.6458
DEH1_15	2015-06-17	83.72	67.64	14.858	25.68	16.08	381.5534	1.7284	238.9166	1.0822	537301.2754
DEH1_15	2015-06-18	86.36	69.38	14.863	27.87	16.98	414.2318	1.8751	252.3737	1.1424	584185.552
DEH1_15	2015-06-19	86	70.34	14.866	28.17	15.66	418.7752	1.8949	232.8016	1.0534	541065.8481
DEH1_15	2015-06-20	87.68	71.06	14.868	29.37	16.62	436.6732	1.9754	247.1062	1.1178	583206.6942
DEH1_15	2015-06-21	88.7	71.66	14.87	30.18	17.04	448.7766	2.0296	253.3848	1.1459	604209.5357
DEH1_15	2015-06-22	88.7	72.68	14.87	30.69	16.02	456.3603	2.0639	238.2174	1.0773	571655.2021
DEH1_15	2015-06-23	93.98	71.66	14.87	32.82	22.32	488.0334	2.2071	331.8984	1.501	817487.93
DEH1_15	2015-06-24	85.64	66.32	14.868	25.98	19.32	386.2706	1.7474	287.2498	1.2994	648995.2404
DEH1_15	2015-06-25	84.62	62.06	14.866	23.34	22.56	346.9724	1.57	335.377	1.5176	731304.513
DEH1_15	2015-06-26	77.3	65.36	14.863	21.33	11.94	317.0278	1.4351	177.4642	0.8033	376287.2491
DEH1_15	2015-06-27	77.36	62.96	14.858	20.16	14.4	299.5373	1.3568	213.9552	0.9692	446069.7535
DEH1_15	2015-06-28	80	65.6	14.853	22.8	14.4	338.6484	1.535	213.8832	0.9695	462543.1239
DEH1_15	2015-06-29	80.36	60.68	14.847	20.52	19.68	304.6604	1.3821	292.189	1.3255	611849.7831
DEH1_15	2015-06-30	86	64.34	14.84	25.17	21.66	373.5228	1.6961	321.4344	1.4596	717134.8038
DEH1_15	2015-07-01	85.64	69.08	14.832	27.36	16.56	405.8035	1.8447	245.6179	1.1165	563645.732
DEH1_15	2015-07-02	77.3	66.32	14.823	21.81	10.98	323.2896	1.4714	162.7565	0.7407	346489.0224
DEH1_15	2015-07-03	80.96	61.4	14.814	21.18	19.56	313.7605	1.4297	289.7618	1.3204	611084.841
DEH1_15	2015-07-04	81.02	68.36	14.803	24.69	12.66	365.4861	1.6679	187.406	0.8552	414405.6224
DEH1_15	2015-07-05	83.66	68.06	14.791	25.86	15.6	382.4953	1.7484	230.7396	1.0547	517800.5489
DEH1_15	2015-07-06	87.38	71.06	14.779	29.22	16.32	431.8424	1.9771	241.1933	1.1043	564774.5087
DEH1_15	2015-07-07	88.04	73.34	14.766	30.69	14.7	453.1685	2.0784	217.0602	0.9955	517240.7992
DEH1_15	2015-07-08	88.64	75.32	14.752	31.98	13.32	471.769	2.1678	196.4966	0.9029	475273.8743
DEH1_15	2015-07-09	89.66	73.64	14.737	31.65	16.02	466.426	2.1477	236.0867	1.0871	568155.0399
DEH1_15	2015-07-10	84.47	69.68	14.721	27.075	14.79	398.5711	1.8392	217.7236	1.0047	494067.5475
DEH1_15	2015-07-11	79.52	65.66	14.704	22.59	13.86	332.1634	1.5363	203.7974	0.9426	435051.8406
DEH1_15	2015-07-12	84.62	62	14.687	23.31	22.62	342.354	1.5871	332.2199	1.5401	715405.0566
DEH1_15	2015-07-13	85.04	64.34	14.668	24.69	20.7	362.1529	1.6833	303.6276	1.4112	665280.2075
DEH1_15	2015-07-14	85.04	69.02	14.649	27.03	16.02	395.9625	1.8452	234.677	1.0936	529624.8613
DEH1_15	2015-07-15	81.68	70.7	14.63	26.19	10.98	383.1597	1.7902	160.6374	0.7505	358112.0722
DEH1_15	2015-07-16	78.68	63.68	14.609	21.18	15	309.4186	1.4498	219.135	1.0268	455743.2201
DEH1_15	2015-07-17	82.64	60.02	14.588	21.33	22.62	311.162	1.4622	329.9806	1.5506	686730.4893
ILH1_15	2015-04-30	58.16	36.5	13.832	4.08	21.66	56.4346	0.295	299.6011	1.5659	392278.8676
ILH1_15	2015-05-01	70.16	35.78	13.87	10.08	34.38	139.8096	0.7267	476.8506	2.4787	700678.4541
ILH1_15	2015-05-02	76.4	49.28	13.908	13.2	27.12	183.5856	0.9491	377.185	1.95	659303.2571
ILH1_15	2015-05-03	82.58	55.88	13.946	19.23	26.7	268.1816	1.3789	372.3582	1.9145	719009.9665
ILH1_15	2015-05-04	80.72	59.18	13.983	19.95	21.54	278.9608	1.4267	301.1938	1.5404	589201.8866
ILH1_15	2015-05-05	85.88	60.38	14.02	23.13	25.5	324.2826	1.6498	357.51	1.8188	733097.5647
ILH1_15	2015-05-06	86	59.24	14.056	22.62	26.76	317.9467	1.6093	376.1386	1.9038	767884.4028
ILH1_15	2015-05-07	85.94	58.34	14.092	22.14	27.6	311.9969	1.5711	388.9392	1.9586	790788.7545
ILH1_15	2015-05-08	84.5	63.32	14.127	23.91	21.18	337.7766	1.6925	299.2099	1.4993	624825.9297
ILH1_15	2015-05-09	75.44	62.6	14.162	19.02	12.84	269.3612	1.343	181.8401	0.9067	355483.2602
ILH1_15	2015-05-10	80	62.66	14.197	21.33	17.34	302.822	1.5024	246.176	1.2214	498591.049
ILH1_15	2015-05-11	72.2	51.8	14.231	12	20.4	170.772	0.8432	290.3124	1.4335	512298.0348
ILH1_15	2015-05-12	63.02	46.1	14.265	6.51	16.92	92.8651	0.4564	241.3638	1.1861	375706.1187
ILH1_15	2015-05-13	65.9	42.2	14.298	7.95	23.7	113.6691	0.556	338.8626	1.6576	523750.7109
ILH1_15	2015-05-14	70.7	48.14	14.33	10.35	22.56	148.3155	0.7223	323.2848	1.5743	550546.6435
ILH1_15	2015-05-15	83	59.6	14.362	21.3	23.4	305.9106	1.4831	336.0708	1.6293	688280.1231
ILH1_15	2015-05-16	79.94	64.46	14.394	22.2	15.48	319.5468	1.5423	222.8191	1.0754	463128.1149
ILH1_15	2015-05-17	82.34	65.36	14.425	23.85	16.98	344.0363	1.6534	244.9365	1.1771	521854.9711
ILH1_15	2015-05-18	83.06	51.62	14.455	17.34	31.44	250.6497	1.1996	454.4652	2.175	884752.5787
ILH1_15	2015-05-19	63.05	43.52	14.485	6.525	19.53	94.5146	0.4505	282.892	1.3483	436690.9666
ILH1_15	2015-05-20	50.78	44.36	14.514	0.39	6.42	5.6605	0.0269	93.1799	0.4423	128668.5517
ILH1_15	2015-05-21	65.78	44.36	14.542	7.89	21.42	114.7364	0.5426	311.4896	1.473	498899.2135
ILH1_15	2015-05-22	77.66	47.66	14.57	13.83	30	201.5031	0.9492	437.1	2.059	798106.31
ILH1_15	2015-05-23	80.12	56.48	14.597	18.3	23.64	267.1251	1.2537	345.0731	1.6195	688058.5369
ILH1_15	2015-05-24	85.46	62.24	14.624	23.85	23.22	348.7824	1.6309	339.5693	1.5878	733457.692
ILH1_15	2015-05-25	83.12	67.1	14.649	25.11	16.02	367.8364	1.7141	234.677	1.0936	516423.7743
ILH1_15	2015-05-26	78.5	65.42	14.674	21.96	13.08	322.241	1.4965	191.9359	0.8914	405346.03
ILH1_15	2015-05-27	80.48	59.72	14.699	20.1	20.76	295.4499	1.3674	305.1512	1.4123	628855.6144
ILH1_15	2015-05-28	85.7	54.5	14.722	20.1	31.2	295.9122	1.3653	459.3264	2.1193	948060.8972
ILH1_15	2015-05-29	85.16	65.12	14.745	25.14	20.04	370.6893	1.705	295.4898	1.3591	654769.5243
ILH1_15	2015-05-30	76.04	49.4	14.767	13.02	26.64	192.2663	0.8817	393.3929	1.804	728710.1447
ILH1_15	2015-05-31	56.42	48.32	14.788	3.21	8.1	47.4695	0.2171	119.7828	0.5477	185530.9944
ILH1_15	2015-06-01	67.52	52.28	14.808	9.9	15.24	146.5992	0.6686	225.6739	1.0292	400345.173
ILH1_15	2015-06-02	72.92	50.54	14.827	11.73	22.38	173.9207	0.7911	331.8283	1.5094	607425.3743
ILH1_15	2015-06-03	76.88	51.92	14.846	14.4	24.96	213.7824	0.97	370.5562	1.6813	708564.4456
ILH1_15	2015-06-04	81.68	55.88	14.864	18.78	25.8	279.1459	1.2635	383.4912	1.7357	784121.3274
ILH1_15	2015-06-05	85.82	56.3	14.881	21.06	29.52	313.3939	1.4152	439.2871	1.9837	929042.9356
ILH1_15	2015-06-06	78.92	54.86	14.897	16.89	24.06	251.6103	1.1338	358.4218	1.6151	714306.2501
ILH1_15	2015-06-07	89.18	61.64	14.912	25.41	27.54	378.9139	1.704	410.6765	1.8468	923622.8368
ILH1_15	2015-06-08	81.8	64.34	14.926	23.07	17.46	344.3428	1.5456	260.608	1.1698	568460.4008
ILH1_15	2015-06-09	85.52	59.9	14.939	22.71	25.62	339.2647	1.5202	382.7372	1.715	831469.4947
ILH1_15	2015-06-10	89.96	66.8	14.951	28.38	23.16	424.3094	1.8982	346.2652	1.5491	811548.1514
ILH1_15	2015-06-11	88.58	67.4	14.963	27.99	21.18	418.8144	1.8706	316.9163	1.4155	739660.1541
ILH1_15	2015-06-12	86.6	67.4	14.973	27	19.2	404.271	1.8032	287.4816	1.2823	662887.1475
ILH1_15	2015-06-13	85.52	68.96	14.983	27.24	16.56	408.1369	1.8181	248.1185	1.1053	574288.543
ILH1_15	2015-06-14	82.94	71.3	14.991	27.12	11.64	406.5559	1.8091	174.4952	0.7765	403469.96
ILH1_15	2015-06-15	86.9	70.28	14.998	28.59	16.62	428.7928	1.9063	249.2668	1.1081	587617.8806
ILH1_15	2015-06-16	80.48	64.58	15.005	22.53	15.9	338.0627	1.5015	238.5795	1.0596	519298.1758
ILH1_15	2015-06-17	76.88	63.38	15.01	20.13	13.5	302.1513	1.3411	202.635	0.8994	426607.9924
ILH1_15	2015-06-18	83.06	66.62	15.015	24.84	16.44	372.9726	1.6543	246.8466	1.0949	554774.2063
ILH1_15	2015-06-19	74.42	63.68	15.018	19.05	10.74	286.0929	1.2685	161.2933	0.7151	334520.0553
ILH1_15	2015-06-20	81.74	66.56	15.021	24.15	15.18	362.7572	1.6077	228.0188	1.0106	507937.895
ILH1_15	2015-06-21	82.7	67.16	15.022	24.93	15.54	374.4985	1.6596	233.4419	1.0345	525523.6413
ILH1_15	2015-06-22	86.6	69.98	15.023	28.29	16.62	425.0007	1.8831	249.6823	1.1063	587327.9148
ILH1_15	2015-06-23	80.66	63.02	15.022	21.84	17.64	328.0805	1.4539	264.9881	1.1743	571939.9267
ILH1_15	2015-06-24	74.72	62.3	15.021	18.51	12.42	278.0387	1.2323	186.5608	0.8268	383975.2672
ILH1_15	2015-06-25	81.02	65.9	15.018	23.46	15.12	352.3223	1.5621	227.0722	1.0068	501022.1322
ILH1_15	2015-06-26	71.9	64.16	15.015	18.03	7.74000000000001	270.7205	1.2008	116.2161	0.5155	237422.6239
ILH1_15	2015-06-27	75.74	56.78	15.01	16.26	18.96	244.0626	1.0833	284.5896	1.2632	566084.345
ILH1_15	2015-06-28	77	54.92	15.005	15.96	22.08	239.4798	1.0636	331.3104	1.4715	655815.5519
ILH1_15	2015-06-29	78.68	63.44	14.999	21.06	15.24	315.8789	1.4041	228.5848	1.0161	487264.5049
ILH1_15	2015-06-30	81.32	62.84	14.991	22.08	18.48	331.0013	1.4729	277.0337	1.2327	598698.1951
ILH1_15	2015-07-01	75.8	60.56	14.983	18.18	15.24	272.3909	1.2134	228.3409	1.0172	466519.1961
ILH1_15	2015-07-02	76.16	57.62	14.973	16.89	18.54	252.894	1.128	277.5994	1.2382	556056.0504
ILH1_15	2015-07-03	76.4	59.66	14.963	18.03	16.74	269.7829	1.205	250.4806	1.1188	509944.9228
ILH1_15	2015-07-04	79.46	56.24	14.952	17.85	23.22	266.8932	1.1938	347.1854	1.553	704434.536
ILH1_15	2015-07-05	82.34	57.26	14.939	19.8	25.08	295.7922	1.3254	374.6701	1.6788	781368.6904
ILH1_15	2015-07-06	86.9	61.82	14.926	24.36	25.08	363.5974	1.6321	374.3441	1.6803	830967.0122
ILH1_15	2015-07-07	75.5	55.58	14.912	15.54	19.92	231.7325	1.0421	297.047	1.3358	580627.4406
ILH1_15	2015-07-08	71.42	55.1	14.897	13.26	16.32	197.5342	0.8901	243.119	1.0955	458223.0938
ILH1_15	2015-07-09	67.88	60.56	14.881	14.22	7.31999999999999	211.6078	0.9556	108.9289	0.4919	208197.5484
ILH1_15	2015-07-10	78.32	61.16	14.865	19.74	17.16	293.4351	1.328	255.0834	1.1544	528882.3201
ILH1_15	2015-07-11	79.58	59.96	14.847	19.77	19.62	293.5252	1.3316	291.2981	1.3215	603497.0322
ILH1_15	2015-07-12	85.82	69.98	14.828	27.9	15.84	413.7012	1.8816	234.8755	1.0682	542609.99
ILH1_15	2015-07-13	90.74	71.9	14.809	31.32	18.84	463.8179	2.1149	279.0016	1.2722	671985.2344
ILH1_15	2015-07-14	86.3	64.1	14.789	25.2	22.2	372.6828	1.704	328.3158	1.5011	730261.5399
ILH1_15	2015-07-15	79.82	59.3	14.768	19.56	20.52	288.8621	1.3245	303.0394	1.3895	622601.6866
ILH1_15	2015-07-16	82.76	63.98	14.746	23.37	18.78	344.614	1.5848	276.9299	1.2736	599228.6395
ILH1_15	2015-07-17	89.96	72.2	14.724	31.08	17.76	457.6219	2.1108	261.4982	1.2062	624364.6619
ILH1_15	2015-07-18	90.62	71	14.7	30.81	19.62	452.907	2.0959	288.414	1.3347	685218.019
INH1_15	2015-05-14	64.7	42.68	14.365	7.35	22.02	105.5827	0.5117	316.3173	1.5329	487923.7688
INH1_15	2015-05-15	74	49.28	14.397	12	24.72	172.764	0.8335	355.8938	1.717	631662.5096
INH1_15	2015-05-16	80.96	59.72	14.429	20.34	21.24	293.4859	1.4097	306.472	1.472	622098.7646
INH1_15	2015-05-17	76.04	63.68	14.461	19.86	12.36	287.1955	1.3733	178.738	0.8547	361138.4252
INH1_15	2015-05-18	80.06	59.3	14.492	19.68	20.76	285.2026	1.358	300.8539	1.4325	607606.1172
INH1_15	2015-05-19	75.68	44.66	14.522	12.84	31.02	186.4625	0.8842	450.4724	2.1361	787235.4915
INH1_15	2015-05-20	56.36	38.96	14.551	3.18	17.4	46.2722	0.2185	253.1874	1.1958	351171.258
INH1_15	2015-05-21	56.66	41.66	14.58	3.33	15	48.5514	0.2284	218.7	1.0288	313507.6747
INH1_15	2015-05-22	69.68	43.04	14.608	9.84	26.64	143.7427	0.6736	389.1571	1.8237	640791.4686
INH1_15	2015-05-23	77	49.64	14.636	13.5	27.36	197.586	0.9224	400.441	1.8694	742218.5367
INH1_15	2015-05-24	81.38	54.68	14.663	18.03	26.7	264.3739	1.2296	391.5021	1.8209	781065.3955
INH1_15	2015-05-25	83.72	62.66	14.689	23.19	21.06	340.6379	1.5787	309.3503	1.4337	665157.621
INH1_15	2015-05-26	81.68	64.04	14.714	22.86	17.64	336.362	1.5536	259.555	1.1989	556518.0398
INH1_15	2015-05-27	78.38	61.7	14.739	20.04	16.68	295.3696	1.3597	245.8465	1.1317	507584.3427
INH1_15	2015-05-28	80.36	52.04	14.763	16.2	28.32	239.1606	1.0973	418.0882	1.9183	817203.981
INH1_15	2015-05-29	82.94	59.3	14.786	21.12	23.64	312.2803	1.4284	349.541	1.5988	735140.9574
INH1_15	2015-05-30	83.66	60.98	14.808	22.32	22.68	330.5146	1.5073	335.8454	1.5316	719323.5432
INH1_15	2015-05-31	72.02	52.04	14.83	12.03	19.98	178.4049	0.8112	296.3034	1.3473	545141.8991
INH1_15	2015-06-01	60.02	50.06	14.85	5.04	9.96	74.844	0.3394	147.906	0.6707	241780.1633
INH1_15	2015-06-02	66.98	46.04	14.87	8.49	20.94	126.2463	0.5709	311.3778	1.4082	523303.8349
INH1_15	2015-06-03	71.66	46.04	14.889	10.83	25.62	161.2479	0.7274	381.4562	1.7207	668477.2752
INH1_15	2015-06-04	76.64	50	14.907	13.32	26.64	198.5612	0.8935	397.1225	1.7871	749696.7451
INH1_15	2015-06-05	81.02	55.34	14.924	18.18	25.68	271.3183	1.2182	383.2483	1.7207	779924.3734
INH1_15	2015-06-06	78.02	52.64	14.941	15.33	25.38	229.0455	1.026	379.2026	1.6987	740275.8866
INH1_15	2015-06-07	80.06	58.34	14.956	19.2	21.72	287.1552	1.2838	324.8443	1.4523	672398.6363
INH1_15	2015-06-08	84.68	60.32	14.97	22.5	24.36	336.825	1.503	364.6692	1.6273	791569.199
INH1_15	2015-06-09	81.62	56.96	14.984	19.29	24.66	289.0414	1.2874	369.5054	1.6458	767271.6611
INH1_15	2015-06-10	85.04	61.34	14.996	23.19	23.7	347.7572	1.5464	355.4052	1.5804	780155.1008
INH1_15	2015-06-11	90.32	68	15.008	29.16	22.32	437.6333	1.943	334.9786	1.4872	795931.3547
INH1_15	2015-06-12	89.36	70.04	15.018	29.7	19.32	446.0346	1.9776	290.1478	1.2865	694575.7861
INH1_15	2015-06-13	87.02	65.6	15.028	26.31	21.42	395.3867	1.7507	321.8998	1.4253	738300.7141
INH1_15	2015-06-14	85.46	69.44	15.036	27.45	16.02	412.7382	1.8256	240.8767	1.0654	561020.2839
INH1_15	2015-06-15	85.01	69.53	15.044	27.27	15.48	410.2499	1.8127	232.8811	1.029	541425.26
INH1_15	2015-06-16	83.03	66.02	15.051	24.525	17.01	369.1258	1.6295	256.0175	1.1302	574337.2779
INH1_15	2015-06-17	77.99	59.99	15.056	18.99	18	285.9134	1.2613	271.008	1.1955	562999.3039
INH1_15	2015-06-18	79.97	64.49	15.061	22.23	15.48	334.806	1.476	233.1443	1.0278	507254.8217
INH1_15	2015-06-19	77.54	64.49	15.064	21.015	13.05	316.57	1.395	196.5852	0.8663	420601.8831
INH1_15	2015-06-20	74.48	65.48	15.067	19.98	9	301.0387	1.3261	135.603	0.5973	285956.5309
INH1_15	2015-06-21	80.51	63.05	15.069	21.78	17.46	328.2028	1.4454	263.1047	1.1587	569175.968
INH1_15	2015-06-22	84.02	66.02	15.069	25.02	18	377.0264	1.6604	271.242	1.1945	613265.3485
INH1_15	2015-06-23	83.03	65.03	15.069	24.03	18	362.1081	1.5947	271.242	1.1945	605172.404
INH1_15	2015-06-24	80.96	61.97	15.067	21.465	18.99	323.4132	1.4246	286.1223	1.2604	616171.9655
INH1_15	2015-06-25	77.96	63.68	15.064	20.82	14.28	313.6325	1.3821	215.1139	0.948	458981.0335
INH1_15	2015-06-26	77.66	64.34	15.061	21	13.32	316.281	1.3943	200.6125	0.8844	429042.3732
INH1_15	2015-06-27	72.02	57.68	15.056	14.85	14.34	223.5816	0.9863	215.903	0.9524	421607.5113
INH1_15	2015-06-28	74.36	52.04	15.051	13.2	22.32	198.6732	0.877	335.9383	1.483	639104.6475
INH1_15	2015-06-29	77	57.68	15.044	17.34	19.32	260.863	1.1526	290.6501	1.2842	588893.6607
INH1_15	2015-06-30	75.68	61.04	15.037	18.36	14.64	276.0793	1.221	220.1417	0.9736	452580.1749
INH1_15	2015-07-01	78.68	56	15.028	17.34	22.68	260.5855	1.1538	340.835	1.5092	689840.2504
INH1_15	2015-07-02	74	56	15.018	15	18	225.27	0.9988	270.324	1.1986	527764.3582
INH1_15	2015-07-03	76.34	57.32	15.008	16.83	19.02	252.5846	1.1214	285.4522	1.2673	572608.2639
INH1_15	2015-07-04	76.28	54.38	14.996	15.33	21.9	229.8887	1.0223	328.4124	1.4604	643483.8213
INH1_15	2015-07-05	80.66	56.66	14.984	18.66	24	279.6014	1.2453	359.616	1.6017	739946.9173
INH1_15	2015-07-06	83.66	62	14.971	22.83	21.66	341.7879	1.5249	324.2719	1.4468	707131.8172
INH1_15	2015-07-07	82.28	60.68	14.956	21.48	21.6	321.2549	1.4362	323.0496	1.4442	690715.5027
INH1_15	2015-07-08	72.02	51.38	14.941	11.7	20.64	174.8097	0.7831	308.3822	1.3814	568570.3185
INH1_15	2015-07-09	72.02	57.68	14.925	14.85	14.34	221.6363	0.995	214.0245	0.9608	414302.7414
INH1_15	2015-07-10	71.36	60.68	14.908	16.02	10.68	238.8262	1.0746	159.2174	0.7164	313411.9392
INH1_15	2015-07-11	77.06	56.6	14.89	16.83	20.46	250.5987	1.1303	304.6494	1.3741	606312.4438
INH1_15	2015-07-12	80.3	61.28	14.871	20.79	19.02	309.1681	1.398	282.8464	1.279	595515.0861
INH1_15	2015-07-13	81.68	66.02	14.851	23.85	15.66	354.1964	1.606	232.5667	1.0545	510133.271
INH1_15	2015-07-14	84.68	65.3	14.831	24.99	19.38	370.6267	1.685	287.4248	1.3067	639334.2809
INH1_15	2015-07-15	81.98	59.36	14.81	20.67	22.62	306.1227	1.3957	335.0022	1.5273	701241.8141
INH1_15	2015-07-16	79.34	59.66	14.788	19.5	19.68	288.366	1.3186	291.0278	1.3308	598217.038
INH1_15	2015-07-17	82.4	62	14.765	22.2	20.4	327.783	1.5036	301.206	1.3816	642191.0716
INH1_15	2015-07-18	85.7	64.64	14.741	25.17	21.06	371.031	1.7075	310.4455	1.4287	687997.4129
INH1_15	2015-07-19	88.04	70.34	14.717	29.19	17.7	429.5892	1.9834	260.4909	1.2027	607172.6278
INH1_15	2015-07-20	84.62	66.32	14.691	25.47	18.3	374.1798	1.7337	268.8453	1.2457	596153.5753
INH1_15	2015-07-21	82.34	63.32	14.666	22.83	19.02	334.8248	1.5567	278.9473	1.2969	595901.0896
INH1_15	2015-07-22	79.4	56.3	14.639	17.85	23.1	261.3062	1.2193	338.1609	1.578	671760.7872
INH1_15	2015-07-23	81.38	59.66	14.612	20.52	21.72	299.8382	1.4043	317.3726	1.4864	654065.8092
INH1_15	2015-07-24	83.36	60.32	14.584	21.84	23.04	318.5146	1.4975	336.0154	1.5798	704096.3701
INH1_15	2015-07-25	84.98	63.68	14.555	24.33	21.3	354.1231	1.6716	310.0215	1.4634	670807.8735
INH1_15	2015-07-26	85.34	65.6	14.526	25.47	19.74	369.9772	1.7534	286.7432	1.3589	628700.164
INH1_15	2015-07-27	84.68	66.32	14.496	25.5	18.36	369.648	1.7591	266.1466	1.2666	582567.1406
INH1_15	2015-07-28	85.64	67.34	14.466	26.49	18.3	383.2043	1.8312	264.7278	1.265	585844.9192
INH1_15	2015-07-29	88.7	67.7	14.434	28.2	21	407.0388	1.9537	303.114	1.4549	684273.0652
INH1_15	2015-07-30	86.96	59.3	14.403	23.13	27.66	333.1414	1.6059	398.387	1.9204	839235.1518
INH1_15	2015-07-31	84.98	61.7	14.371	23.34	23.28	335.4191	1.6241	334.5569	1.6199	705225.2542
INH1_15	2015-08-01	85.7	57.32	14.338	21.51	28.38	308.4104	1.5002	406.9124	1.9794	834423.097
MNH1_15	2015-05-19	54.02	35	14.864	2.01	19.02	29.8766	0.1352	282.7133	1.2796	374084.3123
MNH1_15	2015-05-20	52.7	36.98	14.898	1.35	15.72	20.1123	0.0906	234.1966	1.0552	312898.9323
MNH1_15	2015-05-21	57.68	39.62	14.931	3.84	18.06	57.335	0.2572	269.6539	1.2096	391749.4336
MNH1_15	2015-05-22	72.02	39.92	14.964	11.01	32.1	164.7536	0.7358	480.3444	2.1451	804610.571
MNH1_15	2015-05-23	73.34	47.36	14.996	11.67	25.98	175.0033	0.7782	389.5961	1.7325	705175.6059
MNH1_15	2015-05-24	72.62	53	15.027	12.81	19.62	192.4959	0.8525	294.8297	1.3056	556547.6649
MNH1_15	2015-05-25	62.96	55.34	15.057	9.15	7.62	137.7716	0.6077	114.7343	0.5061	204369.7515
MNH1_15	2015-05-26	74	53.6	15.086	13.8	20.4	208.1868	0.9148	307.7544	1.3522	592419.0953
MNH1_15	2015-05-27	62.66	54.32	15.115	8.49	8.34	128.3264	0.5617	126.0591	0.5518	222891.738
MNH1_15	2015-05-28	81.32	57.02	15.142	19.17	24.3	290.2721	1.266	367.9506	1.6048	770762.4147
MNH1_15	2015-05-29	81.62	62.51	15.169	22.065	19.11	334.704	1.4546	289.8796	1.2598	633766.058
MNH1_15	2015-05-30	69.38	48.92	15.195	9.69	20.46	147.2396	0.6377	310.8897	1.3465	558845.5317
MNH1_15	2015-05-31	60.74	44.06	15.22	5.37	16.68	81.7314	0.3528	253.8696	1.0959	404936.2287
MNH1_15	2015-06-01	63.38	44	15.244	6.69	19.38	101.9824	0.4389	295.4287	1.2713	483587.4845
MNH1_15	2015-06-02	70.64	45.98	15.267	10.32	24.66	157.5554	0.676	376.4842	1.6152	670306.6385
MNH1_15	2015-06-03	76.34	50.66	15.289	13.5	25.68	206.4015	0.883	392.6215	1.6796	762354.3832
MNH1_15	2015-06-04	72.98	50.96	15.309	11.97	22.02	183.2487	0.7819	337.1042	1.4384	639620.6149
MNH1_15	2015-06-05	72.02	57.02	15.329	14.52	15	222.5771	0.9472	229.935	0.9785	454823.8833
MNH1_15	2015-06-06	77	59.36	15.348	18.18	17.64	279.0266	1.1845	270.7387	1.1493	566616.4182
MNH1_15	2015-06-07	79.34	60.02	15.366	19.68	19.32	302.4029	1.2807	296.8711	1.2573	635721.5263
MNH1_15	2015-06-08	78.38	59	15.383	18.69	19.38	287.5083	1.215	298.1225	1.2598	630027.2947
MNH1_15	2015-06-09	80.96	60.68	15.398	20.82	20.28	320.5864	1.3521	312.2714	1.3171	681055.4919
MNH1_15	2015-06-10	94.28	60.38	15.413	27.33	33.9	421.2373	1.7732	522.5007	2.1994	1245523.8867
MNH1_15	2015-06-11	80.06	60.74	15.426	20.4	19.32	314.6904	1.3224	298.0303	1.2524	647316.1329
MNH1_15	2015-06-12	62.3	56.96	15.439	9.63	5.34	148.6776	0.6237	82.4443	0.3459	151800.9175
MNH1_15	2015-06-13	74.36	59	15.45	16.68	15.36	257.706	1.0796	237.312	0.9942	488960.4925
MNH1_15	2015-06-14	73.7	61.7	15.46	17.7	12	273.642	1.1449	185.52	0.7762	388346.0477
MNH1_15	2015-06-15	84.32	65.66	15.468	24.99	18.66	386.5453	1.6156	288.6329	1.2064	669596.7167
MNH1_15	2015-06-16	73.64	52.04	15.476	12.84	21.6	198.7118	0.8297	334.2816	1.3957	650185.6278
MNH1_15	2015-06-17	76.28	59	15.483	17.64	17.28	273.1201	1.1393	267.5462	1.1161	560386.3657
MNH1_15	2015-06-18	78.68	57.32	15.488	18	21.36	278.784	1.1622	330.8237	1.3791	696836.4132
MNH1_15	2015-06-19	77.06	59.36	15.492	18.21	17.7	282.1093	1.1754	274.2084	1.1425	579517.1438
MNH1_15	2015-06-20	80.06	62.66	15.495	21.36	17.4	330.9732	1.3785	269.613	1.1229	596234.6982
MNH1_15	2015-06-21	83.66	60.38	15.497	22.02	23.28	341.2439	1.4209	360.7702	1.5022	805306.7786
MNH1_15	2015-06-22	84.92	65	15.498	24.96	19.92	386.8301	1.6105	308.7202	1.2853	717298.9923
MNH1_15	2015-06-23	80.66	53.66	15.497	17.16	27	265.9285	1.1073	418.419	1.7423	870963.0151
MNH1_15	2015-06-24	75.62	57.32	15.495	16.47	18.3	255.2026	1.0629	283.5585	1.181	584103.657
MNH1_15	2015-06-25	77	59	15.492	18	18	278.856	1.1619	278.856	1.1619	587525.0527
MNH1_15	2015-06-26	80.66	62.36	15.488	21.51	18.3	333.1469	1.3888	283.4304	1.1816	627824.9104
MNH1_15	2015-06-27	78.98	55.34	15.483	17.16	23.64	265.6883	1.1083	366.0181	1.5268	761199.3047
MNH1_15	2015-06-28	82.64	63.32	15.476	22.98	19.32	355.6385	1.4849	298.9963	1.2484	675395.8984
MNH1_15	2015-06-29	80	61.64	15.469	20.82	18.36	322.0646	1.3459	284.0108	1.1869	622276.0322
MNH1_15	2015-06-30	80.66	60.32	15.46	20.49	20.34	316.7754	1.3254	314.4564	1.3157	685373.6982
MNH1_15	2015-07-01	75.26	56.3	15.45	15.78	18.96	243.801	1.0214	292.932	1.2272	595414.1691
MNH1_15	2015-07-02	66.26	47.96	15.439	8.13	18.3	125.5191	0.5266	282.5337	1.1853	498231.9569
MNH1_15	2015-07-03	75.02	52.7	15.426	13.86	22.32	213.8044	0.8985	344.3083	1.4469	678359.2544
MNH1_15	2015-07-04	78.08	57.68	15.413	17.88	20.4	275.5844	1.1601	314.4252	1.3236	657924.9461
MNH1_15	2015-07-05	81.98	60.68	15.399	21.33	21.3	328.4607	1.3852	327.9987	1.3832	720554.5437
MNH1_15	2015-07-06	84.98	66.68	15.383	25.83	18.3	397.3429	1.6791	281.5089	1.1896	656756.2606
MNH1_15	2015-07-07	72.98	49.7	15.366	11.49	23.28	176.5553	0.7478	357.7205	1.515	674339.1916
MNH1_15	2015-07-08	67.7	52.7	15.349	10.2	15	156.5598	0.6645	230.235	0.9773	425478.7926
MNH1_15	2015-07-09	72.68	54.68	15.33	13.68	18	209.7144	0.8924	275.94	1.1742	538753.2031
MNH1_15	2015-07-10	79.34	60.02	15.31	19.68	19.32	301.3008	1.2854	295.7892	1.2619	631096.3104
MNH1_15	2015-07-11	83	64.34	15.289	23.67	18.66	361.8906	1.5482	285.2927	1.2205	642673.609
MNH1_15	2015-07-12	81.68	67.28	15.268	24.48	14.4	373.7606	1.6034	219.8592	0.9431	500030.4572
MNH1_15	2015-07-13	87.68	68.96	15.245	28.32	18.72	431.7384	1.8577	285.3864	1.2279	681496.1022
MNH1_15	2015-07-14	87.02	65.66	15.221	26.34	21.36	400.9211	1.7305	325.1206	1.4033	755561.4155
MNH1_15	2015-07-15	83.36	63.32	15.197	23.34	20.04	354.698	1.5358	304.5479	1.3187	678866.4489
MNH1_15	2015-07-16	81.02	66.26	15.171	23.64	14.76	358.6424	1.5582	223.924	0.9729	500332.3105
MNH1_15	2015-07-17	78.38	65	15.144	21.69	13.38	328.4734	1.4323	202.6267	0.8835	439972.8639
MNH1_15	2015-07-18	89.96	66.32	15.117	28.14	23.64	425.3924	1.8615	357.3659	1.5638	844271.4452
MNH1_15	2015-07-19	87.68	57.98	15.089	22.83	29.7	344.4819	1.513	448.1433	1.9683	984957.9094
MNH1_15	2015-07-20	84.32	61.34	15.06	22.83	22.98	343.8198	1.5159	346.0788	1.5259	759172.1604
MNH1_15	2015-07-21	79.7	54.02	15.03	16.86	25.68	253.4058	1.1218	385.9704	1.7086	775727.7872
MNH1_15	2015-07-22	78.68	59.06	14.999	18.87	19.62	283.0311	1.2581	294.2804	1.3081	607972.1589
MNH1_15	2015-07-23	81.02	60.02	14.968	20.52	21	307.1434	1.3709	314.328	1.403	663573.6665
MNH1_15	2015-07-24	82.94	64.64	14.935	23.79	18.3	355.3037	1.5929	273.3105	1.2253	602405.6682
MNH1_15	2015-07-25	85.28	63.32	14.902	24.3	21.96	362.1186	1.6307	327.2479	1.4736	724669.9677
MNH1_15	2015-07-26	85.28	67.94	14.869	26.61	17.34	395.6641	1.7896	257.8285	1.1662	587392.0632
MNH1_15	2015-07-27	84.68	69.38	14.834	27.03	15.3	400.963	1.8222	226.9602	1.0314	518678.0551
MNH1_15	2015-07-28	83.36	68	14.799	25.68	15.36	380.0383	1.7353	227.3126	1.0379	509175.0036
MNH1_15	2015-07-29	84.26	58.34	14.763	21.3	25.92	314.4519	1.4428	382.657	1.7557	805570.8863
MNH1_15	2015-07-30	80.3	57.68	14.727	18.99	22.62	279.6657	1.2895	333.1247	1.536	676919.9518
MNH1_15	2015-07-31	83	59	14.69	21	24	308.49	1.4295	352.56	1.6338	735433.1088
MNH1_15	2015-08-01	81.02	60.38	14.652	20.7	20.64	303.2964	1.4128	302.4173	1.4087	626545.9433
MNH1_15	2015-08-02	86	63.98	14.614	24.99	22.02	365.2039	1.71	321.8003	1.5068	705324.338
MNH1_15	2015-08-03	85.64	53	14.575	19.32	32.64	281.589	1.3256	475.728	2.2395	961293.1036
MNH1_15	2015-08-04	77.36	51.32	14.536	14.34	26.04	208.4462	0.9865	378.5174	1.7914	708014.0251
MNH1_15	2015-08-05	78.02	53.72	14.496	15.87	24.3	230.0515	1.0948	352.2528	1.6763	672698.243
MNH1_15	2015-08-06	80.36	59.3	14.456	19.83	21.06	286.6625	1.3717	304.4434	1.4568	614648.2984
NEH4_15	2015-06-09	90.02	61.64	15.059	25.83	28.38	388.974	1.7153	427.3744	1.8846	976058.1887
NEH4_15	2015-06-10	93.98	64.94	15.072	29.46	29.04	444.0211	1.9546	437.6909	1.9268	1048375.6838
NEH4_15	2015-06-11	84.98	62.36	15.083	23.67	22.62	357.0146	1.5693	341.1775	1.4997	758208.6386
NEH4_15	2015-06-12	69.32	60.68	15.094	15	8.63999999999999	226.41	0.9938	130.4122	0.5724	255897.3486
NEH4_15	2015-06-13	71	60.74	15.104	15.87	10.26	239.7005	1.0507	154.967	0.6793	308353.565
NEH4_15	2015-06-14	80	62.3	15.113	21.15	17.7	319.6399	1.3995	267.5001	1.1712	575280.3383
NEH4_15	2015-06-15	80.6	63.32	15.121	21.96	17.28	332.0572	1.4523	261.2909	1.1428	568624.9547
NEH4_15	2015-06-16	77.3	55.7	15.128	16.5	21.6	249.612	1.0907	326.7648	1.4278	657458.62
NEH4_15	2015-06-17	81.68	59.66	15.133	20.67	22.02	312.7991	1.3659	333.2287	1.4551	712742.1877
NEH4_15	2015-06-18	82.7	63.98	15.138	23.34	18.72	353.3209	1.5418	283.3834	1.2366	629236.2693
NEH4_15	2015-06-19	77.3	57.92	15.142	17.61	19.38	266.6506	1.163	293.452	1.2799	600843.252
NEH4_15	2015-06-20	84.62	61.34	15.144	22.98	23.28	348.0091	1.5174	352.5523	1.5372	779288.0787
NEH4_15	2015-06-21	88.7	65	15.146	26.85	23.7	406.6701	1.7727	358.9602	1.5648	835637.8798
NEH4_15	2015-06-22	88.4	65.3	15.146	26.85	23.1	406.6701	1.7727	349.8726	1.5252	814482.4904
NEH4_15	2015-06-23	87.32	58.64	15.146	22.98	28.68	348.0551	1.5172	434.3873	1.8936	960304.3733
NEH4_15	2015-06-24	81.32	59.96	15.144	20.64	21.36	312.5722	1.3629	323.4758	1.4105	692090.8961
NEH4_15	2015-06-25	87.02	65.96	15.142	26.49	21.06	401.1116	1.7494	318.8905	1.3908	738685.386
NEH4_15	2015-06-26	81.62	66.62	15.138	24.12	15	365.1286	1.5933	227.07	0.9909	509558.0502
NEH4_15	2015-06-27	82.64	59.36	15.133	21	23.28	317.793	1.3877	352.2962	1.5384	757044.458
NEH4_15	2015-06-28	85.28	62.72	15.128	24	22.56	363.072	1.5865	341.2877	1.4913	764124.0034
NEH4_15	2015-06-29	86.36	62.36	15.121	24.36	24	368.3476	1.611	362.904	1.5872	816096.7442
NEH4_15	2015-06-30	82.28	62.66	15.113	22.47	19.62	339.5891	1.4868	296.5171	1.2982	649514.1618
NEH4_15	2015-07-01	80	64.04	15.104	22.02	15.96	332.5901	1.4579	241.0598	1.0567	524445.0053
NEH4_15	2015-07-02	79.34	63.62	15.094	21.48	15.72	324.2191	1.4231	237.2777	1.0415	512006.8514
NEH4_15	2015-07-03	74.06	60.98	15.084	17.52	13.08	264.2717	1.1615	197.2987	0.8671	401886.3176
NEH4_15	2015-07-04	79.04	57.32	15.072	18.18	21.72	274.009	1.2062	327.3638	1.4411	672804.0303
NEH4_15	2015-07-05	84.02	61.04	15.059	22.53	22.98	339.2793	1.4961	346.0558	1.526	755944.5913
NEH4_15	2015-07-06	87.32	65.66	15.045	26.49	21.66	398.542	1.7607	325.8747	1.4397	750028.0281
NEH4_15	2015-07-07	75.02	55.64	15.03	15.33	19.38	230.4099	1.02	291.2814	1.2894	572024.1807
NEH4_15	2015-07-08	73.34	53.72	15.015	13.53	19.62	203.153	0.9011	294.5943	1.3067	562028.7436
NEH4_15	2015-07-09	77.3	55.7	14.998	16.5	21.6	247.467	1.1001	323.9568	1.4402	646207.6435
NEH4_15	2015-07-10	81.02	59.3	14.981	20.16	21.72	302.017	1.3457	325.3873	1.4498	684007.7225
NEH4_15	2015-07-11	81.38	64.34	14.962	22.86	17.04	342.0313	1.5279	254.9525	1.1389	555863.3671
NEH4_15	2015-07-12	91.34	71.66	14.943	31.5	19.68	470.7045	2.108	294.0782	1.317	716289.0159
NEH4_15	2015-07-13	93.32	73.64	14.923	33.48	19.68	499.622	2.2435	293.6846	1.3188	731728.2262
NEH4_15	2015-07-14	92.96	68.66	14.902	30.81	24.3	459.1306	2.0675	362.1186	1.6307	872148.6124
NEH4_15	2015-07-15	85.64	69.32	14.88	27.48	16.32	408.9024	1.8468	242.8416	1.0968	559945.3269
NEH4_15	2015-07-16	86.36	69.02	14.857	27.69	17.34	411.3903	1.8638	257.6204	1.1671	594711.6649
NEH4_15	2015-07-17	90.98	69.32	14.833	30.15	21.66	447.2149	2.0326	321.2828	1.4603	763923.6724
NEH4_15	2015-07-18	93.02	68.36	14.809	30.69	24.66	454.4882	2.0724	365.1899	1.6652	872758.8264
NEH4_15	2015-07-19	86.36	68.3	14.784	27.33	18.06	404.0467	1.8486	266.999	1.2216	610491.5534
NEH4_15	2015-07-20	85.7	68	14.758	26.85	17.7	396.2523	1.8194	261.2166	1.1993	592518.8154
NEH4_15	2015-07-21	84.68	60.32	14.732	22.5	24.36	331.47	1.5273	358.8715	1.6535	766599.8087
NEH4_15	2015-07-22	80.36	60.32	14.704	20.34	20.04	299.0794	1.3833	294.6682	1.3629	609538.3919
NEH4_15	2015-07-23	83.66	62	14.676	22.83	21.66	335.0531	1.5556	317.8822	1.4759	679538.6516
NEH4_15	2015-07-24	90.02	67.34	14.647	28.68	22.68	420.076	1.9581	332.194	1.5484	765657.8865
NEH4_15	2015-07-25	91.34	69.74	14.618	30.54	21.6	446.4337	2.0892	315.7488	1.4776	743483.4186
NEH4_15	2015-07-26	83.36	69.08	14.588	26.22	14.28	382.4974	1.7974	208.3166	0.9789	463253.4441
NEH4_15	2015-07-27	88.7	71.36	14.557	30.03	17.34	437.1467	2.0629	252.4184	1.1912	588133.1645
NEH4_15	2015-07-28	87.38	71.96	14.526	29.67	15.42	430.9864	2.0425	223.9909	1.0615	518443.2998
NEH4_15	2015-07-29	87.02	61.4	14.494	24.21	25.62	350.8997	1.6703	371.3363	1.7676	798818.4124
NEH4_15	2015-07-30	85.64	60.02	14.462	22.83	25.62	330.1675	1.5786	370.5164	1.7715	780505.8193
NEH4_15	2015-07-31	89.72	61.7	14.429	25.71	28.02	370.9696	1.7818	404.3006	1.9419	883331.7477
NEH4_15	2015-08-01	89	64.04	14.395	26.52	24.96	381.7554	1.8423	359.2992	1.7339	791540.018
NEH4_15	2015-08-02	86.96	65.72	14.361	26.34	21.24	378.2687	1.8341	305.0276	1.479	668815.0359
NEH4_15	2015-08-03	89.66	66.32	14.326	27.99	23.34	400.9847	1.9538	334.3688	1.6292	747170.4049
NEH4_15	2015-08-04	80.36	66.32	14.291	23.34	14.04	333.5519	1.6332	200.6456	0.9824	420594.1691
NEH4_15	2015-08-05	80.96	65.3	14.256	23.13	15.66	329.7413	1.6225	223.249	1.0985	465492.513
NEH4_15	2015-08-06	79.52	66.47	14.219	22.995	13.05	326.9659	1.6172	185.5579	0.9178	385187.0952
NEH4_15	2015-08-07	82.7	65.3	14.183	24	17.4	340.392	1.6922	246.7842	1.2268	518020.7657
NEH4_15	2015-08-08	87.02	66.68	14.146	26.85	20.34	379.8201	1.8981	287.7296	1.4379	625593.35
NEH4_15	2015-08-09	85.04	68.96	14.108	27	16.08	380.916	1.9138	226.8566	1.1398	492875.9955
NEH4_15	2015-08-10	85.34	65.96	14.071	25.65	19.38	360.9211	1.8229	272.696	1.3773	580554.0069
NEH4_15	2015-08-11	82.64	60.02	14.033	21.33	22.62	299.3239	1.52	317.4265	1.6119	635471.1969
NEH4_15	2015-08-12	83.96	60.68	13.994	22.32	23.28	312.3461	1.595	325.7803	1.6636	659409.3916
NEH4_15	2015-08-13	85.64	62.72	13.955	24.18	22.92	337.4319	1.7327	319.8486	1.6424	662202.9629
NEH4_15	2015-08-14	86.36	65.36	13.916	25.86	21	359.8678	1.8583	292.236	1.5091	617008.247
NEH4_15	2015-08-15	87.08	65.96	13.876	26.52	21.12	367.9915	1.9112	293.0611	1.5221	622339.6241
NEH4_15	2015-08-16	86.72	65.72	13.836	26.22	21	362.7799	1.8951	290.556	1.5178	612829.0465
NEH4_15	2015-08-17	83	66.32	13.796	24.66	16.68	340.2094	1.7875	230.1173	1.209	474045.9046
NEH4_15	2015-08-18	73.7	62.96	13.755	18.33	10.74	252.1291	1.3326	147.7287	0.7808	277694.25
NEH4_15	2015-08-19	73.34	51.98	13.715	12.66	21.36	173.6319	0.9231	292.9524	1.5574	503515.9802
NEH4_15	2015-08-20	76.28	53	13.673	14.64	23.28	200.1727	1.0707	318.3074	1.7026	562654.6948
NEH4_15	2015-08-21	82.04	55.7	13.632	18.87	26.34	257.2358	1.3842	359.0669	1.9322	674209.7118
NEH4_15	2015-08-22	83.36	60.02	13.59	21.69	23.34	294.7671	1.596	317.1906	1.7174	618056.732
NEH4_15	2015-08-23	83.06	54.32	13.549	18.69	28.74	253.2308	1.3794	389.3983	2.1212	724810.9761
NEH4_15	2015-08-24	74	47.3	13.506	12	26.7	162.072	0.8885	360.6102	1.9769	590779.6851
NEH4_15	2015-08-25	77	47.66	13.464	13.5	29.34	181.764	1.0027	395.0338	2.1791	663033.4483
NEH4_15	2015-08-26	76.28	53.3	13.422	14.79	22.98	198.5114	1.1019	308.4376	1.7121	536441.6244
NEH4_15	2015-08-27	78.38	58.34	13.379	18.36	20.04	245.6384	1.3723	268.1152	1.4979	490430.0518
OHH1_15	2015-05-21	56.6	40.28	14.524	3.3	16.32	47.9292	0.2272	237.0317	1.1237	333523.7499
OHH1_15	2015-05-22	62.66	43.7	14.552	6.33	18.96	92.1142	0.435	275.9059	1.3029	427033.5863
OHH1_15	2015-05-23	74.66	46.04	14.578	12.33	28.62	179.7467	0.8458	417.2224	1.9632	734129.695
OHH1_15	2015-05-24	80.36	49.64	14.605	15.18	30.72	221.7039	1.0394	448.6656	2.1034	851858.9414
OHH1_15	2015-05-25	81.98	54.02	14.63	18	27.96	263.34	1.2303	409.0548	1.9111	813888.1545
OHH1_15	2015-05-26	79.7	64.64	14.655	22.17	15.06	324.9014	1.5128	220.7043	1.0276	466856.4017
OHH1_15	2015-05-27	84.02	60.98	14.679	22.5	23.04	330.2775	1.5328	338.2042	1.5696	719852.3354
OHH1_15	2015-05-28	82.28	61.7	14.702	21.99	20.58	323.297	1.4957	302.5672	1.3998	640472.3368
OHH1_15	2015-05-29	83.3	63.38	14.725	23.34	19.92	343.6815	1.5851	293.322	1.3528	633535.3349
OHH1_15	2015-05-30	84.32	64.64	14.746	24.48	19.68	360.9821	1.6601	290.2013	1.3346	637445.7308
OHH1_15	2015-05-31	81.32	56.3	14.767	18.81	25.02	277.7673	1.2738	369.4703	1.6943	750850.3865
OHH1_15	2015-06-01	65.06	48.02	14.788	7.53	17.04	111.3536	0.5092	251.9875	1.1523	421380.3447
OHH1_15	2015-06-02	58.34	47.96	14.807	4.17	10.38	61.7452	0.2816	153.6967	0.701	241916.0991
OHH1_15	2015-06-03	68.3	51.62	14.825	9.96	16.68	147.657	0.6718	247.281	1.1251	439619.6237
OHH1_15	2015-06-04	76.7	56.36	14.843	16.53	20.34	245.3548	1.1137	301.9066	1.3703	596268.4668
OHH1_15	2015-06-05	82.7	58.34	14.86	20.52	24.36	304.9272	1.3809	361.9896	1.6393	758677.4959
OHH1_15	2015-06-06	81.26	57.32	14.875	19.29	23.94	286.9387	1.2968	356.1075	1.6094	734071.9881
OHH1_15	2015-06-07	80	55.34	14.89	17.67	24.66	263.1063	1.1867	367.1874	1.6561	739960.675
OHH1_15	2015-06-08	81.32	56.96	14.904	19.14	24.36	285.2626	1.2842	363.0614	1.6345	748242.4418
OHH1_15	2015-06-09	76.34	56.3	14.918	16.32	20.04	243.4618	1.094	298.9567	1.3433	591552.6933
OHH1_15	2015-06-10	79.7	57.32	14.93	18.51	22.38	276.3543	1.2398	334.1334	1.499	683539.5699
OHH1_15	2015-06-11	89	63.98	14.941	26.49	25.02	395.7871	1.773	373.8238	1.6746	854439.4532
OHH1_15	2015-06-12	89	65.96	14.951	27.48	23.04	410.8535	1.838	344.471	1.541	798072.903
OHH1_15	2015-06-13	87.98	67.64	14.961	27.81	20.34	416.0654	1.8588	304.3067	1.3595	708496.3308
OHH1_15	2015-06-14	88.7	69.02	14.969	28.86	19.68	432.0053	1.928	294.5899	1.3147	695500.4883
OHH1_15	2015-06-15	86.72	69.38	14.976	28.05	17.34	420.0768	1.873	259.6838	1.1579	607076.8318
OHH1_15	2015-06-16	84.38	68	14.983	26.19	16.38	392.4048	1.748	245.4215	1.0932	560324.2593
OHH1_15	2015-06-17	78.68	65.3	14.988	21.99	13.38	329.5861	1.4672	200.5394	0.8927	432758.5445
OHH1_15	2015-06-18	76.34	65.96	14.993	21.15	10.38	317.1019	1.4107	155.6273	0.6923	332031.5368
OHH1_15	2015-06-19	81.62	66.98	14.996	24.3	14.64	364.4028	1.6204	219.5414	0.9763	489227.3743
OHH1_15	2015-06-20	72.68	66.32	14.999	19.5	6.36000000000001	292.4805	1.3001	95.3936	0.424	198882.4797
OHH1_15	2015-06-21	77.36	65.3	15	21.33	12.06	319.95	1.422	180.9	0.804	387107.91
OHH1_15	2015-06-22	83.96	65.3	15.001	24.63	18.66	369.4746	1.6419	279.9187	1.2439	626751.6685
OHH1_15	2015-06-23	83.66	65	15	24.33	18.66	364.95	1.622	279.9	1.244	624149.01
OHH1_15	2015-06-24	82.64	59.36	14.999	21	23.28	314.979	1.4001	349.1767	1.5521	743696.8305
OHH1_15	2015-06-25	80	60.38	14.996	20.19	19.62	302.7692	1.3464	294.2215	1.3083	619377.0434
OHH1_15	2015-06-26	77.66	63.98	14.993	20.82	13.68	312.1543	1.3886	205.1042	0.9124	435561.1116
OHH1_15	2015-06-27	73.28	61.94	14.988	17.61	11.34	263.9387	1.1749	169.9639	0.7566	344462.0287
OHH1_15	2015-06-28	69.98	56.3	14.983	13.14	13.68	196.8766	0.877	204.9674	0.913	387809.3089
OHH1_15	2015-06-29	73.04	56.3	14.976	14.67	16.74	219.6979	0.9796	250.6982	1.1178	485601.448
OHH1_15	2015-06-30	70.7	57.62	14.969	14.16	13.08	211.961	0.946	195.7945	0.8738	376086.4372
OHH1_15	2015-07-01	75.02	59	14.961	17.01	16.02	254.4866	1.137	239.6752	1.0708	480566.3651
OHH1_15	2015-07-02	75.62	58.7	14.951	17.16	16.92	256.5592	1.1477	252.9709	1.1317	508020.836
OHH1_15	2015-07-03	74	59.36	14.941	16.68	14.64	249.2159	1.1164	218.7362	0.9799	435838.9053
OHH1_15	2015-07-04	76.64	56.96	14.93	16.8	19.68	250.824	1.1253	293.8224	1.3182	586072.2625
OHH1_15	2015-07-05	77.96	57.62	14.918	17.79	20.34	265.3912	1.1925	303.4321	1.3635	613716.4776
OHH1_15	2015-07-06	79.64	60.02	14.905	19.83	19.62	295.5661	1.3304	292.4361	1.3163	608744.4314
OHH1_15	2015-07-07	82.64	60.38	14.891	21.51	22.26	320.3054	1.4445	331.4737	1.4949	705943.0402
OHH1_15	2015-07-08	77	61.4	14.876	19.2	15.6	285.6192	1.2907	232.0656	1.0487	477785.5686
OHH1_15	2015-07-09	74.36	62.72	14.86	18.54	11.64	275.5044	1.2476	172.9704	0.7833	352342.2269
OHH1_15	2015-07-10	75.32	63.68	14.844	19.5	11.64	289.458	1.3137	172.7842	0.7842	356508.3219
OHH1_15	2015-07-11	76.7	59.66	14.826	18.18	17.04	269.5367	1.2262	252.635	1.1493	510745.5302
OHH1_15	2015-07-12	79.04	60.98	14.808	20.01	18.06	296.3081	1.3513	267.4325	1.2196	554498.8257
OHH1_15	2015-07-13	77.72	63.68	14.789	20.7	14.04	306.1323	1.3997	207.6376	0.9494	434204.3151
OHH1_15	2015-07-14	76.64	64.64	14.769	20.64	12	304.8322	1.3975	177.228	0.8125	369797.6213
OHH1_15	2015-07-15	79.28	61.28	14.748	20.28	18	299.0894	1.3751	265.464	1.2205	550301.2654
OHH1_15	2015-07-16	76.7	53	14.726	14.85	23.7	218.6811	1.0084	349.0062	1.6094	666588.6496
OHH1_15	2015-07-17	82.7	56.96	14.704	19.83	25.74	291.5803	1.3486	378.481	1.7505	777233.6024
OHH1_15	2015-07-18	88.64	65.66	14.681	27.15	22.98	398.5891	1.8493	337.3694	1.5653	764235.5356
OHH1_15	2015-07-19	89.3	67.94	14.657	28.62	21.36	419.4833	1.9527	313.0735	1.4573	721530.1099
OHH1_15	2015-07-20	84.62	69.38	14.633	27	15.24	395.091	1.8451	223.0069	1.0415	502542.0801
OHH1_15	2015-07-21	83	60.68	14.607	21.84	22.32	319.0169	1.4952	326.0282	1.528	684246.474
OHH1_15	2015-07-22	80.3	56.66	14.581	18.48	23.64	269.4569	1.2674	344.6948	1.6213	688360.3385
OHH1_15	2015-07-23	78.98	56.66	14.555	17.82	22.32	259.3701	1.2243	324.8676	1.5335	641366.6756
OHH1_15	2015-07-24	82.94	57.32	14.527	20.13	25.62	292.4285	1.3857	372.1817	1.7636	758341.5171
OHH1_15	2015-07-25	84.32	59.36	14.5	21.84	24.96	316.68	1.5062	361.92	1.7214	754009.6512
OHH1_15	2015-07-26	85.28	63.62	14.471	24.45	21.66	353.8159	1.6896	313.4419	1.4968	675383.1745
OHH1_15	2015-07-27	85.28	68.66	14.442	26.97	16.62	389.5007	1.8675	240.026	1.1508	533626.2474
OHH1_15	2015-07-28	84.68	66.62	14.412	25.65	18.06	369.6678	1.7798	260.2807	1.2531	567551.376
OHH1_15	2015-07-29	89	66.32	14.382	27.66	22.68	397.8061	1.9232	326.1838	1.577	728633.2756
OHH1_15	2015-07-30	86.66	64.34	14.351	25.5	22.32	365.9505	1.7769	320.3143	1.5553	694121.4518
OHH1_15	2015-07-31	84.02	61.34	14.319	22.68	22.68	324.7549	1.5839	324.7549	1.5839	675948.0861
OHH1_15	2015-08-01	83.36	60.02	14.288	21.69	23.34	309.9067	1.5181	333.4819	1.6335	683175.5433
OHH1_15	2015-08-02	83	60.38	14.255	21.69	22.62	309.191	1.5216	322.4481	1.5868	659045.8353
OHH1_15	2015-08-03	84.68	60.62	14.222	22.65	24.06	322.1283	1.5926	342.1813	1.6917	707102.8471
OHH1_15	2015-08-04	80.72	59.3	14.189	20.01	21.42	283.9219	1.4102	303.9284	1.5096	603827.8185
OHH1_15	2015-08-05	80.72	57.68	14.155	19.2	23.04	271.776	1.3564	326.1312	1.6277	638907.9796
OHH1_15	2015-08-06	75.98	58.64	14.121	17.31	17.34	244.4345	1.2258	244.8581	1.228	465467.7384
OHH1_15	2015-08-07	70.04	57.26	14.086	13.65	12.78	192.2739	0.969	180.0191	0.9073	322800.8173
OHH1_15	2015-08-08	81.32	56.66	14.051	18.99	24.66	266.8285	1.3515	346.4977	1.755	671774.7569
ONH2_15	2015-05-07	64.94	48.92	14.273	7.47	16.02	106.6193	0.5234	228.6535	1.1224	371590.1752
ONH2_15	2015-05-08	78.38	57.56	14.312	17.97	20.82	257.1866	1.2556	297.9758	1.4547	579733.8324
ONH2_15	2015-05-09	80.36	56.78	14.351	18.57	23.58	266.4981	1.294	338.3966	1.6431	665997.0029
ONH2_15	2015-05-10	72.74	56.24	14.388	14.49	16.5	208.4821	1.0071	237.402	1.1468	440562.1421
ONH2_15	2015-05-11	77.3	57.62	14.426	17.46	19.68	251.878	1.2103	283.9037	1.3642	552577.6083
ONH2_15	2015-05-12	60.26	50.24	14.463	5.25	10.02	75.9307	0.363	144.9193	0.6928	231604.3819
ONH2_15	2015-05-13	54.8	38.72	14.499	2.4	16.08	34.7976	0.1655	233.1439	1.109	316130.6777
ONH2_15	2015-05-14	58.88	33.08	14.535	4.44	25.8	64.5354	0.3055	375.003	1.775	501243.4849
ONH2_15	2015-05-15	65.72	48.02	14.57	7.86	17.7	114.5202	0.5395	257.889	1.2148	427371.5361
ONH2_15	2015-05-16	66.26	52.22	14.604	9.24	14.04	134.941	0.6327	205.0402	0.9614	354777.2817
ONH2_15	2015-05-17	68.06	55.52	14.638	11.79	12.54	172.582	0.8054	183.5605	0.8567	332054.3798
ONH2_15	2015-05-18	75.32	58.4	14.672	16.86	16.92	247.3699	1.1491	248.2502	1.1532	487052.0361
ONH2_15	2015-05-19	64.34	45.86	14.704	7.17	18.48	105.4277	0.4876	271.7299	1.2568	440305.9452
ONH2_15	2015-05-20	55.28	38.48	14.736	2.64	16.8	38.903	0.1792	247.5648	1.1401	342047.2523
ONH2_15	2015-05-21	61.34	47.06	14.768	5.67	14.28	83.7346	0.3839	210.887	0.967	337598.771
ONH2_15	2015-05-22	60.5	42.92	14.798	5.25	17.58	77.6895	0.3548	260.1488	1.188	398134.1677
ONH2_15	2015-05-23	63.74	36.32	14.828	6.87	27.42	101.8684	0.4633	406.5838	1.8492	603244.1288
ONH2_15	2015-05-24	75.02	50.36	14.857	12.69	24.66	188.5353	0.8541	366.3736	1.6598	682470.0299
ONH2_15	2015-05-25	74.18	59.36	14.885	16.77	14.82	249.6214	1.1266	220.5957	0.9956	438487.5364
ONH2_15	2015-05-26	73.76	59.84	14.913	16.8	13.92	250.5384	1.1265	207.589	0.9334	413595.4278
ONH2_15	2015-05-27	71.84	58.94	14.939	15.39	12.9	229.9112	1.0302	192.7131	0.8635	376507.9041
ONH2_15	2015-05-28	71.42	53.72	14.965	12.57	17.7	188.1101	0.84	264.8805	1.1828	496047.0364
ONH2_15	2015-05-29	75.44	57.5	14.99	16.47	17.94	246.8853	1.0987	268.9206	1.1968	535897.0654
ONH2_15	2015-05-30	78.26	54.8	15.014	16.53	23.46	248.1814	1.101	352.2284	1.5625	703668.8886
ONH2_15	2015-05-31	53.48	46.52	15.038	1.74	6.95999999999999	26.1661	0.1157	104.6645	0.4628	157394.445
ONH2_15	2015-06-01	58.88	47.48	15.06	4.44	11.4	66.8664	0.2948	171.684	0.757	275000.2722
ONH2_15	2015-06-02	58.88	47.48	15.081	4.44	11.4	66.9596	0.2944	171.9234	0.7559	275767.74
ONH2_15	2015-06-03	64.28	48.44	15.102	7.14	15.84	107.8283	0.4728	239.2157	1.0489	407216.2397
ONH2_15	2015-06-04	70.1	53.24	15.121	11.67	16.86	176.4621	0.7718	254.9401	1.115	475469.3662
ONH2_15	2015-06-05	74.78	56.96	15.14	15.87	17.82	240.2718	1.0482	269.7948	1.177	538117.4917
ONH2_15	2015-06-06	66.26	52.88	15.158	9.57	13.38	145.0621	0.6313	202.814	0.8827	366266.7667
ONH2_15	2015-06-07	72.2	48.62	15.174	11.1	23.58	168.4314	0.7315	357.8029	1.554	655968.2082
ONH2_15	2015-06-08	71.12	60.68	15.19	15.9	10.44	241.521	1.0467	158.5836	0.6873	317491.0277
ONH2_15	2015-06-09	73.34	58.58	15.205	15.96	14.76	242.6718	1.0497	224.4258	0.9707	450163.0546
ONH2_15	2015-06-10	81.2	57.92	15.218	19.56	23.28	297.6641	1.2853	354.275	1.5298	750045.6636
ONH2_15	2015-06-11	69.68	55.58	15.231	12.63	14.1	192.3675	0.8292	214.7571	0.9257	409721.1248
ONH2_15	2015-06-12	79.58	57.14	15.242	18.36	22.44	279.8431	1.2046	342.0305	1.4722	712752.6109
ONH2_15	2015-06-13	65.9	56.42	15.252	11.16	9.48	170.2123	0.7317	144.589	0.6216	269748.7264
ONH2_15	2015-06-14	77.54	60.26	15.262	18.9	17.28	288.4518	1.2384	263.7274	1.1322	554645.9602
ONH2_15	2015-06-15	78.86	66.8	15.27	22.83	12.06	348.6141	1.4951	184.1562	0.7898	409605.4132
ONH2_15	2015-06-16	76.46	61.34	15.277	18.9	15.12	288.7353	1.2372	230.9882	0.9897	486269.6518
ONH2_15	2015-06-17	66.62	56.48	15.283	11.55	10.14	176.5187	0.7557	154.9696	0.6635	291550.1265
ONH2_15	2015-06-18	77.66	61.64	15.288	19.65	16.02	300.4092	1.2853	244.9138	1.0479	521572.8497
ONH2_15	2015-06-19	71.48	54.62	15.292	13.05	16.86	199.5606	0.8534	257.8231	1.1025	497165.7881
ONH2_15	2015-06-20	69.8	56.18	15.295	12.99	13.62	198.6821	0.8493	208.3179	0.8905	401400.2829
ONH2_15	2015-06-21	79.22	62.42	15.297	20.82	16.8	318.4835	1.3611	256.9896	1.0983	556810.9062
ONH2_15	2015-06-22	76.16	59.96	15.297	18.06	16.2	276.2638	1.1806	247.8114	1.059	515999.7466
ONH2_15	2015-06-23	76.88	62.12	15.297	19.5	14.76	298.2915	1.2748	225.7837	0.9649	480080.0855
ONH2_15	2015-06-24	75.2	54.08	15.295	14.64	21.12	223.9188	0.9572	323.0304	1.3808	638740.1559
ONH2_15	2015-06-25	71.12	57.14	15.292	14.13	13.98	216.076	0.924	213.7822	0.9142	419302.05
ONH2_15	2015-06-26	70.16	57.98	15.288	14.07	12.18	215.1022	0.9203	186.2078	0.7967	364781.963
ONH2_15	2015-06-27	65.12	58.7	15.283	11.91	6.42	182.0205	0.7793	98.1169	0.4201	185670.5629
ONH2_15	2015-06-28	67.34	56.3	15.277	11.82	11.04	180.5741	0.7737	168.6581	0.7227	318569.5243
ONH2_15	2015-06-29	73.34	57.14	15.27	15.24	16.2	232.7148	0.998	247.374	1.0609	492875.2799
ONH2_15	2015-06-30	70.58	60.08	15.262	15.33	10.5	233.9665	1.0045	160.251	0.688	319561.7946
ONH2_15	2015-07-01	71.66	58.4	15.253	15.03	13.26	229.2526	0.9854	202.2548	0.8693	401234.0802
ONH2_15	2015-07-02	69.68	53.84	15.242	11.76	15.84	179.2459	0.7716	241.4333	1.0392	454544.4662
ONH2_15	2015-07-03	71.06	53.6	15.231	12.33	17.46	187.7982	0.8095	265.9333	1.1463	504926.5394
ONH2_15	2015-07-04	75.68	52.34	15.218	14.01	23.34	213.2042	0.9206	355.1881	1.5337	691980.4648
ONH2_15	2015-07-05	77.18	58.58	15.205	17.88	18.6	271.8654	1.1759	282.813	1.2233	583791.3052
ONH2_15	2015-07-06	79.28	61.94	15.19	20.61	17.34	313.0659	1.3568	263.3946	1.1415	565016.1324
ONH2_15	2015-07-07	75.26	57.8	15.175	16.53	17.46	250.8428	1.0893	264.9555	1.1506	534994.3037
ONH2_15	2015-07-08	67.1	53.06	15.158	10.08	14.04	152.7926	0.665	212.8183	0.9262	387624.1554
ONH2_15	2015-07-09	72.32	57.98	15.141	15.15	14.34	229.3862	1.0006	217.1219	0.9471	428353.8611
ONH2_15	2015-07-10	75.02	53.72	15.122	14.37	21.3	217.3031	0.9503	322.0986	1.4085	627063.5773
ONH2_15	2015-07-11	76.88	56.48	15.103	16.68	20.4	251.918	1.1044	308.1012	1.3507	620557.7432
ONH2_15	2015-07-12	74.78	60.44	15.082	17.61	14.34	265.594	1.1676	216.2759	0.9508	441070.443
ONH2_15	2015-07-13	76.16	58.4	15.061	17.28	17.76	260.2541	1.1473	267.4834	1.1792	542083.96
ONH2_15	2015-07-14	80.12	62.84	15.039	21.48	17.28	323.0377	1.4283	259.8739	1.149	558722.5455
ONH2_15	2015-07-15	71.06	56.18	15.016	13.62	14.88	204.5179	0.907	223.4381	0.9909	426908.8037
ONH2_15	2015-07-16	71	52.34	14.992	11.67	18.66	174.9566	0.7784	279.7507	1.2447	517290.7714
ONH2_15	2015-07-17	77.3	66.44	14.967	21.87	10.86	327.3283	1.4612	162.5416	0.7256	349684.9837
ONH2_15	2015-07-18	82.28	67.52	14.942	24.9	14.76	372.0558	1.6664	220.5439	0.9878	493646.0144
ONH2_15	2015-07-19	85.22	66.74	14.915	25.98	18.48	387.4917	1.7419	275.6292	1.239	624709.0064
ONH2_15	2015-07-20	77.84	61.28	14.888	19.56	16.56	291.2093	1.3138	246.5453	1.1123	510649.1598
ONH2_15	2015-07-21	77.96	63.98	14.86	20.97	13.98	311.6142	1.4112	207.7428	0.9408	438177.0137
ONH2_15	2015-07-22	75.32	55.82	14.831	15.57	19.5	230.9187	1.0498	289.2045	1.3148	562484.6309
ONH2_15	2015-07-23	79.76	61.22	14.802	20.49	18.54	303.293	1.3843	274.4291	1.2525	572674.7512
ONH2_15	2015-07-24	79.94	60.44	14.771	20.19	19.5	298.2265	1.3669	288.0345	1.3202	597254.7958
ONH2_15	2015-07-25	81.32	65.36	14.74	23.34	15.96	344.0316	1.5834	235.2504	1.0828	508626.2326
ONH1_15	2015-04-30	66.92	36.86	14.062	8.46	30.06	118.9645	0.6016	422.7037	2.1377	616874.5168
ONH1_15	2015-05-01	68.24	37.64	14.105	9.12	30.6	128.6376	0.6466	431.613	2.1694	644586.9965
ONH1_15	2015-05-02	72.5	37.4	14.148	11.25	35.1	159.165	0.7952	496.5948	2.4809	772137.973
ONH1_15	2015-05-03	78.8	39.11	14.191	14.4	39.69	204.3504	1.0147	563.2408	2.7968	942448.7405
ONH1_15	2015-05-04	71.24	46.52	14.233	10.62	24.72	151.1545	0.7462	351.8398	1.7368	589710.9094
ONH1_15	2015-05-05	63.68	40.22	14.275	6.84	23.46	97.641	0.4792	334.8915	1.6434	496701.8633
ONH1_15	2015-05-06	71.51	42.98	14.316	10.755	28.53	153.9686	0.7513	408.4355	1.9929	669441.6154
ONH1_15	2015-05-07	81.5	43.88	14.357	15.75	37.62	226.1227	1.097	540.1103	2.6203	972242.1773
ONH1_15	2015-05-08	86.45	49.64	14.398	18.225	36.81	262.4035	1.2658	529.9904	2.5566	1038475.7749
ONH1_15	2015-05-09	85.94	53.18	14.438	19.56	32.76	282.4073	1.3548	472.9889	2.269	950052.3511
ONH1_15	2015-05-10	83.06	58.64	14.477	20.85	24.42	301.8455	1.4402	353.5283	1.6868	725224.8196
ONH1_15	2015-05-11	80.24	55.49	14.516	17.865	24.75	259.3283	1.2307	359.271	1.705	707856.0877
ONH1_15	2015-05-12	60.26	46.13	14.555	5.13	14.13	74.6671	0.3525	205.6621	0.9708	318469.1658
ONH1_15	2015-05-13	58.58	37.52	14.592	4.29	21.06	62.5997	0.294	307.3075	1.4433	430934.631
ONH1_15	2015-05-14	64.13	30.92	14.63	7.065	33.21	103.361	0.4829	485.8623	2.27	675631.1259
ONH1_15	2015-05-15	63.95	46.13	14.666	6.975	17.82	102.2953	0.4756	261.3481	1.2151	421929.1026
ONH1_15	2015-05-16	75.11	53.33	14.702	14.22	21.78	209.0624	0.9672	320.2096	1.4814	604659.679
ONH1_15	2015-05-17	76.82	52.34	14.738	14.58	24.48	214.88	0.9893	360.7862	1.661	686778.2839
ONH1_15	2015-05-18	82.64	55.52	14.772	19.08	27.12	281.8498	1.2916	400.6166	1.8359	817618.3083
ONH1_15	2015-05-19	61.34	43.52	14.806	5.67	17.82	83.95	0.383	263.8429	1.2036	409631.2146
ONH1_15	2015-05-20	58.64	36.05	14.84	4.32	22.59	64.1088	0.2911	335.2356	1.5222	471072.931
ONH1_15	2015-05-21	65.03	43.16	14.872	7.515	21.87	111.7631	0.5053	325.2506	1.4705	523328.8262
ONH1_15	2015-05-22	62.3	35.66	14.904	6.15	26.64	91.6596	0.4126	397.0426	1.7874	579680.4859
ONH1_15	2015-05-23	71.51	27.32	14.935	10.755	44.19	160.6259	0.7201	659.9777	2.9588	974144.2038
ONH1_15	2015-05-24	79.97	45.86	14.965	14.985	34.11	224.2505	1.0013	510.4561	2.2793	961212.3859
ONH1_15	2015-05-25	79.79	59.81	14.995	19.8	19.98	296.901	1.3204	299.6001	1.3324	627153.4885
ONH1_15	2015-05-26	80.72	61.82	15.024	21.27	18.9	319.5605	1.4157	283.9536	1.258	608092.5861
ONH1_15	2015-05-27	80.3	61.16	15.051	20.73	19.14	312.0072	1.3773	288.0761	1.2717	613347.0753
ONH1_15	2015-05-28	78.2	53.54	15.078	15.87	24.66	239.2879	1.0525	371.8235	1.6355	738581.1328
ONH1_15	2015-05-29	82.4	51.26	15.104	16.83	31.14	254.2003	1.1143	470.3386	2.0617	949519.7859
ONH1_15	2015-05-30	80.78	56.36	15.13	18.57	24.42	280.9641	1.2274	369.4746	1.614	766633.2667
ONH1_15	2015-05-31	49.46	43.52	15.154	0	5.94	0	0	90.0148	0.392	126832.4999
ONH1_15	2015-06-01	58.88	43.28	15.177	4.44	15.6	67.3859	0.2925	236.7612	1.0279	367094.0547
ONH1_15	2015-06-02	58.88	43.28	15.2	4.44	15.6	67.488	0.2921	237.12	1.0263	368207.5238
ONH1_15	2015-06-03	68.3	43.04	15.221	9.15	25.26	139.2722	0.6011	384.4825	1.6595	651584.7857
ONH1_15	2015-06-04	74.48	44.33	15.242	12.24	30.15	186.5621	0.803	459.5463	1.9781	832193.323
ONH1_15	2015-06-05	77.48	50.42	15.261	13.95	27.06	212.8909	0.9141	412.9627	1.7731	806054.3414
ONH1_15	2015-06-06	71.18	46.04	15.279	10.59	25.14	161.8046	0.6931	384.1141	1.6454	687949.9639
ONH1_15	2015-06-07	75.38	41.18	15.297	12.69	34.2	194.1189	0.8296	523.1574	2.2357	932799.2284
ONH1_15	2015-06-08	72.23	61.07	15.313	16.65	11.16	254.9614	1.0873	170.8931	0.7288	348830.8683
ONH1_15	2015-06-09	70.34	55.67	15.328	13.005	14.67	199.3406	0.8484	224.8618	0.9571	434316.28
ONH1_15	2015-06-10	82.4	52.16	15.342	17.28	30.24	265.1098	1.1263	463.9421	1.9711	957771.0861
ONH1_15	2015-06-11	75.8	50.42	15.356	13.11	25.38	201.3172	0.8537	389.7353	1.6528	755398.2954
ONH1_15	2015-06-12	67.4	54.5	15.368	10.95	12.9	168.2796	0.7125	198.2472	0.8394	371388.216
ONH1_15	2015-06-13	73.13	53.24	15.378	13.185	19.89	202.7589	0.8574	305.8684	1.2934	594399.5634
ONH1_15	2015-06-14	72.74	56.78	15.388	14.76	15.96	227.1269	0.9592	245.5925	1.0372	489479.0157
ONH1_15	2015-06-15	80.48	61.82	15.397	21.15	18.66	325.6465	1.3736	287.308	1.2119	629489.8894
ONH1_15	2015-06-16	75.47	58.01	15.404	16.74	17.46	257.863	1.0867	268.9538	1.1335	553002.9617
ONH1_15	2015-06-17	72.56	51.8	15.411	12.18	20.76	187.706	0.7903	319.9324	1.3471	613154.1943
ONH1_15	2015-06-18	75.56	53.42	15.416	14.49	22.14	223.3778	0.9399	341.3102	1.4362	678646.1543
ONH1_15	2015-06-19	72.38	53.6	15.42	12.99	18.78	200.3058	0.8424	289.5876	1.2179	562556.231
ONH1_15	2015-06-20	75.47	48.02	15.423	12.735	27.45	196.4119	0.8257	423.3613	1.7798	806328.2145
ONH1_15	2015-06-21	77	58.19	15.424	17.595	18.81	271.3853	1.1408	290.1254	1.2195	604961.0262
ONH1_15	2015-06-22	80.96	56.75	15.425	18.855	24.21	290.8384	1.2224	373.4392	1.5695	793250.9724
ONH1_15	2015-06-23	75.8	57.86	15.424	16.83	17.94	259.5859	1.0912	276.7066	1.1631	570450.452
ONH1_15	2015-06-24	75.2	51.8	15.423	13.5	23.4	208.2105	0.8753	360.8982	1.5172	706898.8832
ONH1_15	2015-06-25	77.42	54.08	15.42	15.75	23.34	242.865	1.0214	359.9028	1.5136	729785.7046
ONH1_15	2015-06-26	74.48	54.74	15.416	14.61	19.74	225.2278	0.9477	304.3118	1.2805	606206.0807
ONH1_15	2015-06-27	65.72	54.56	15.411	10.14	11.16	156.2675	0.658	171.9868	0.7242	318800.6916
ONH1_15	2015-06-28	62.42	53.18	15.404	7.8	9.24	120.1512	0.5064	142.333	0.5998	253452.6435
ONH1_15	2015-06-29	75.11	55.76	15.397	15.435	19.35	237.6527	1.0025	297.932	1.2567	600334.4851
ONH1_15	2015-06-30	68.3	52.28	15.388	10.29	16.02	158.3425	0.6687	246.5158	1.0411	457406.3048
ONH1_15	2015-07-01	69.08	55.52	15.378	12.3	13.56	189.1494	0.7998	208.5257	0.8818	399555.8052
ONH1_15	2015-07-02	69.2	48.68	15.368	9.6	20.52	147.5328	0.6247	315.3514	1.3352	571284.1663
ONH1_15	2015-07-03	72.32	45.05	15.356	11.16	27.27	171.373	0.7268	418.7581	1.7759	754741.8802
ONH1_15	2015-07-04	78.08	46.94	15.343	14.04	31.14	215.4157	0.9151	477.781	2.0296	916470.8856
ONH1_15	2015-07-05	80.87	53.69	15.329	17.28	27.18	264.8851	1.1273	416.6422	1.7731	859395.5079
ONH1_15	2015-07-06	83.66	54.23	15.313	18.945	29.43	290.1048	1.2372	450.6616	1.9219	951576.2601
ONH1_15	2015-07-07	78.5	57.62	15.297	18.06	20.88	276.2638	1.1806	319.4014	1.365	665066.34
ONH1_15	2015-07-08	71.66	53.3	15.28	12.48	18.36	190.6944	0.8168	280.5408	1.2016	535661.4615
ONH1_15	2015-07-09	73.76	54.05	15.262	13.905	19.71	212.2181	0.9111	300.814	1.2914	586778.7229
ONH1_15	2015-07-10	78.08	50.45	15.242	14.265	27.63	217.4271	0.9359	421.1365	1.8128	825029.176
ONH1_15	2015-07-11	80.96	53.15	15.222	17.055	27.81	259.6112	1.1204	423.3238	1.827	864182.7371
ONH1_15	2015-07-12	79.88	55.76	15.201	17.82	24.12	270.8818	1.1723	366.6481	1.5867	755978.4273
ONH1_15	2015-07-13	80.18	56.72	15.179	18.45	23.46	280.0525	1.2155	356.0993	1.5456	739976.2446
ONH1_15	2015-07-14	74.3	59.84	15.155	17.07	14.46	258.6959	1.1264	219.1413	0.9541	445490.5299
ONH1_15	2015-07-15	72.14	50.18	15.131	11.16	21.96	168.862	0.7376	332.2768	1.4513	614985.7755
ONH1_15	2015-07-16	74.12	47.12	15.106	12.06	27	182.1784	0.7984	407.862	1.7874	746979.4472
ONH1_15	2015-07-17	73.52	53.6	15.08	13.56	19.92	204.4848	0.8992	300.3936	1.321	575845.3992
ONH1_15	2015-07-18	85.28	65.39	15.054	25.335	19.89	381.3931	1.6829	299.4241	1.3212	679149.5149
