IA15_GDD_BLUP
1820.926
1846.7357
1970.99
1887.62
1798.9992
1941.3
1766.3374
2022.61
1808.5922
1662.87
1672.9199
1638.89
2138.87
1604.17
2003.65
1735.2743
1681.3709
1873.23
1859.5264
1740.0708
1677.7164
1651.91
1927.82
1526.28
1693.7047
1813.1603
1754.0035
1644.83
1698.5012
1783.2393
1906.58
1613.08
1821.3828
1558.95
1604.17
1721.7985
1667.4382
1576.99
1807.907
1658.76
1847.4209
1624.04
1638.43
1677.7164
1941.3
1846.7357
1886.93
1489.05
1847.4209
1742.5833
1748.2934
1750.349
1754.0035
1664.6974
1553.69
1617.87
1634.09
1581.79
1477.18
1743.7253
1608.97
1809.9626
1750.349
1608.97
1666.9814
1724.7677
1833.7167
2055.04
1859.5264
1946.78
1628.61
1672.2347
1786.6654
1617.87
1773.6463
1689.8218
1569
1545.7
1596.18
1835.0871
1874.6
1846.7357
1850.847
2038.37
1698.5012
1933.07
1820.926
1887.62
1792.1471
1733.2187
1711.2919
1759.4852
1786.6654
1835.0871
1846.7357
1722.9405
1933.07
1808.5922
1820.926
1952.03
1946.78
1758.5716
1716.3168
1677.7164
1927.82
1752.1763
1588.41
1786.6654
1948.83
1873.23
1742.5833
1647.8
1779.3564
1997.94
1711.2919
1438.35
1795.5731
1651.91
1846.7357
1587.73
1735.7312
1674.0619
1674.9756
1874.14
1689.8218
1711.2919
1821.3828
1653.51
1667.4382
1749.8922
1666.9814
1773.6463
1710.6067
1651.45
1749.8922
1638.89
1821.3828
1752.1763
1784.1529
1846.7357
1833.7167
1672.2347
1686.8526
1969.62
1809.9626
2013.24
1986.75
1846.7357
1570.14
1672.9199
1643
2113.06
1742.5833
1615.82
1676.1176
1859.5264
1886.93
1846.7357
1846.7357
1717.9156
1760.3988
1805.8513
1730.7063
1715.6316
1922.34
1743.7253
2066
1809.9626
1900.41
1752.1763
1624.04
1745.5525
1701.0137
1653.51
1700.7853
1677.7164
1698.5012
1927.82
1847.4209
1807.907
1721.7985
1797.172
1994.97
1833.9451
1749.8922
1846.7357
1846.7357
1686.8526
1760.3988
1900.41
1946.78
1659.67
1979.21
2133.84
1732.0767
1820.926
1784.1529
1745.5525
1629.98
1656.7
1696.4456
1914.12
1786.6654
1634.55
1662.87
1820.926
1808.5922
1611.25
1753.0899
1820.926
1887.62
1581.79
1479.46
1633.41
1668.8086
1833.7167
1820.926
1760.3988
1900.41
1500.25
2086.79
1941.3
1677.7164
1662.64
2049.33
1712.2055
1846.7357
1859.5264
1807.907
1534.51
1698.5012
1600.52
1668.3518
1690.2787
1976.01
1784.1529
1711.2919
