GDD
1803.5
1885
2140
2033.5
1778
2110
1860.5
2161
1803.5
1723
1700.5
1700.5
2271.5
1614.5
1940.5
1968.5
NA
2140
2013
1803.5
1700.5
1700.5
2081
1591
1700.5
2033.5
1885
1676
2013
2081
2161
1723
1968.5
1591
1676
1860.5
1676
1940.5
1860.5
1633
1968.5
1723
1748
1700.5
1940.5
2013
1968.5
1748
2081
1676
1778
1700.5
1803.5
1654
1940.5
2013
1778
1748
1723
1841.5
1968.5
1803.5
1940.5
1700.5
1676
1885
2110
2192.5
2033.5
2161
1940.5
1676
1778
1940.5
NA
1822
1676
1700.5
1803.5
2057
2013
1940.5
2013
2140
1885
2033.5
2033.5
1968.5
2081
1803.5
1803.5
1778
1778
1723
1885
1748
2235.5
2140
1803.5
2161
2161
1940.5
1968.5
1723
2140
1748
1633
1723
2140
2140
1723
1654
2140
2161
1676
1803.5
1860.5
1822
1885
1633
2140
1885
1860.5
2161
NA
1723
2033.5
1700.5
1700.5
1748
1885
1748
1676
1748
1885
1676
1885
1803.5
1803.5
1940.5
1803.5
1723
1700.5
2161
1723
2175
2140
1940.5
1723
1940.5
1676
2235.5
1822
1803.5
1633
2175
2013
1723
1778
1723
1885
1940.5
1860.5
1778
2081
1748
2235.5
1860.5
2110
1860.5
1676
2175
1700.5
1723
1676
1803.5
1748
2161
1968.5
1748
1778
1885
2161
1968.5
1885
1940.5
1860.5
1676
1778
2140
2013
1633
2013
2235.5
1676
1822
1822
1723
1591
1778
1700.5
2081
2013
1633
1591
1723
1968.5
NA
1940.5
1822
2033.5
1822
1748
1723
1723
1860.5
1885
1700.5
2013
1803.5
2235.5
1968.5
1700.5
1676
1723
1885
1860.5
2081
1885
1822
1968.5
1700.5
1723
1723
2161
1748
1700.5
