env_code	Date	Tmax	Tmin	DL	GDD	PTT	PTR	PTS
PR11	20101204	84.2	69.8	11.88	27	320.76	2.272727273	312979.6454
PR11	20101205	86	62.6	11.9	24.3	289.17	2.042016807	492411.9564
PR11	20101206	87.8	64.4	11.88	26.1	310.068	2.196969697	502647.3429
PR11	20101207	84.2	71.6	11.87	27.9	331.173	2.350463353	276591.8865
PR11	20101208	86	73.4	11.87	29.7	352.539	2.50210615	282982.9698
PR11	20101209	87.8	71.6	11.87	29.7	352.539	2.50210615	363835.2469
PR11	20101210	86	73.4	11.87	29.7	352.539	2.50210615	282982.9698
PR11	20101211	84.2	68	11.85	26.1	309.285	2.202531646	346231.3329
PR11	20101212	87.8	71.6	11.87	29.7	352.539	2.50210615	363835.2469
PR11	20101213	87.8	69.8	11.85	28.8	341.28	2.430379747	398350.548
PR11	20101214	87.8	73.4	11.85	30.6	362.61	2.582278481	325959.9408
PR11	20101215	86	73.4	11.85	29.7	351.945	2.506329114	282030.1659
PR11	20101216	84.2	73.4	11.83	28.8	340.704	2.434488588	238204.2237
PR11	20101217	84.2	69.8	11.85	27	319.95	2.278481013	311400.936
PR11	20101218	84.2	64.4	11.83	24.3	287.469	2.054099746	411768.8495
PR11	20101219	86	69.8	11.85	27.9	330.615	2.35443038	354420.7731
PR11	20101220	82.4	71.6	11.83	27	319.41	2.282333052	232763.0105
PR11	20101221	86	66.2	11.85	26.1	309.285	2.202531646	423171.6291
PR11	20101222	84.2	69.8	11.83	27	319.41	2.282333052	310350.6806
PR11	20101223	84.2	73.4	11.85	28.8	341.28	2.430379747	239010.3288
PR11	20101224	84.2	62.6	11.83	23.4	276.822	1.978021978	443761.168
PR11	20101225	86	64.4	11.85	25.2	298.62	2.126582278	456182.1504
PR11	20101226	84.2	66.2	11.83	25.2	298.116	2.130177515	378869.6621
PR11	20101227	87.8	75.2	11.85	31.5	373.275	2.658227848	288399.7305
PR11	20101228	82.4	71.6	11.87	27	320.49	2.274641955	234339.7241
PR11	20101229	89.6	68	11.85	28.8	341.28	2.430379747	478020.6576
PR11	20101230	84.2	66.2	11.87	25.2	299.124	2.122999158	381436.0877
PR11	20101231	86	64.4	11.85	25.2	298.62	2.126582278	456182.1504
PR11	20110101	86	62.6	11.87	24.3	288.441	2.047177759	489932.3366
PR11	20110102	82.4	69.8	11.87	26.1	309.807	2.198820556	270200.8031
PR11	20110103	82.4	73.4	11.87	27.9	331.173	2.350463353	197565.6332
PR11	20110104	80.6	69.8	11.88	25.2	299.376	2.121212121	229247.4286
PR11	20110105	84.2	69.8	11.88	27	320.76	2.272727273	312979.6454
PR11	20110106	86	69.8	11.88	27.9	331.452	2.348484848	356217.5802
PR11	20110107	84.2	73.4	11.88	28.8	342.144	2.424242424	240222.0396
PR11	20110108	86	71.6	11.9	28.8	342.72	2.420168067	321375.3984
PR11	20110109	86	73.4	11.92	29.7	354.024	2.491610738	285372.0092
PR11	20110110	86	66.2	11.9	26.1	310.59	2.193277311	426750.2316
PR11	20110111	84.2	69.8	11.92	27	321.84	2.265100671	315090.8006
PR11	20110112	86	68	11.92	27	321.84	2.265100671	393863.5008
PR11	20110113	87.8	71.6	11.93	29.7	354.321	2.489522213	367522.7428
PR11	20110114	84.2	71.6	11.95	27.9	333.405	2.334728033	280332.7317
PR11	20110115	84.2	66.2	11.93	25.2	300.636	2.112321878	385301.9693
PR11	20110116	86	69.8	11.95	27.9	333.405	2.334728033	360427.7979
PR11	20110117	87.8	69.8	11.95	28.8	344.16	2.410041841	405102.132
PR11	20110118	87.8	69.8	11.97	28.8	344.736	2.406015038	406459.2571
PR11	20110119	86	71.6	11.98	28.8	345.024	2.404006678	325710.9366
PR11	20110120	84.2	68	11.98	26.1	312.678	2.178631052	353869.6391
PR11	20110121	86	64.4	12	25.2	302.4	2.1	467804.16
PR11	20110122	86	69.8	12	27.9	334.8	2.325	363450.24
PR11	20110123	87.8	73.4	12.02	30.6	367.812	2.545757072	335379.4629
PR11	20110124	87.8	69.8	12.02	28.8	346.176	2.396006656	409861.9987
PR11	20110125	84.2	66.2	12.03	25.2	303.156	2.094763092	391788.4205
PR11	20110126	86	69.8	12.03	27.9	335.637	2.319201995	365269.7628
PR11	20110127	87.8	62.6	12.07	25.2	304.164	2.087821044	552157.4258
PR11	20110128	86	69.8	12.08	27.9	337.032	2.309602649	368312.3965
PR11	20110129	84.2	66.2	12.08	25.2	304.416	2.086092715	395051.9501
PR11	20110130	87.8	66.2	12.1	27	326.7	2.231404959	487018.224
PR11	20110131	86	69.8	12.1	27.9	337.59	2.305785124	369532.9836
PR11	20110201	87.8	66.2	12.12	27	327.24	2.227722772	488629.5322
PR11	20110202	89.6	69.8	12.13	29.7	360.261	2.448474856	464381.7128
PR11	20110203	89.6	64.4	12.15	27	328.05	2.222222222	572893.398
PR11	20110204	84.2	66.2	12.15	25.2	306.18	2.074074074	399643.632
PR11	20110205	87.8	69.8	12.18	28.8	350.784	2.36453202	420846.0883
PR11	20110206	87.8	71.6	12.18	29.7	361.746	2.438423645	383087.4355
PR11	20110207	87.8	71.6	12.18	29.7	361.746	2.438423645	383087.4355
PR11	20110208	86	73.4	12.22	29.7	362.934	2.430441899	299917.1317
PR11	20110209	87.8	69.8	12.22	28.8	351.936	2.356792144	423614.8051
PR11	20110210	87.8	69.8	12.23	28.8	352.224	2.354865086	424308.4027
PR11	20110211	87.8	69.8	12.25	28.8	352.8	2.351020408	425697.3
PR11	20110212	87.8	73.4	12.27	30.6	375.462	2.493887531	349475.4357
PR11	20110213	86	71.6	12.28	28.8	353.664	2.345276873	342227.9209
PR11	20110214	87.8	68	12.28	27.9	342.612	2.271986971	465188.9363
PR11	20110215	86	68	12.3	27	332.1	2.195121951	419375.88
PR11	20110216	84.2	69.8	12.32	27	332.64	2.191558442	336592.6502
PR11	20110217	84.2	69.8	12.32	27	332.64	2.191558442	336592.6502
PR11	20110218	84.2	69.8	12.35	27	333.45	2.186234818	338233.896
PR11	20110219	87.8	66.2	12.37	27	333.99	2.182700081	508995.4162
PR11	20110220	84.2	68	12.38	26.1	323.118	2.108239095	377894.8352
PR11	20110221	84.2	71.6	12.4	27.9	345.96	2.25	301843.1808
PR11	20110222	78.8	64.4	12.4	21.6	267.84	1.741935484	317065.4208
PR11	20110223	84.2	62.6	12.43	23.4	290.862	1.882542237	489916.4973
PR11	20110224	84.2	64.4	12.43	24.3	302.049	1.954947707	454596.6772
PR11	20110225	87.8	64.4	12.45	26.1	324.945	2.096385542	552038.3037
PR11	20110226	87.8	66.2	12.48	27	336.96	2.163461538	518088.1306
PR11	20110227	84.2	68	12.48	26.1	325.728	2.091346154	384024.4163
PR11	20110228	86	71.6	12.5	28.8	360	2.304	354600
PR11	20110301	84.2	68	12.52	26.1	326.772	2.084664537	386490.0563
PR11	20110302	84.2	66.2	12.53	25.2	315.756	2.011173184	425032.8365
PR11	20110303	84.2	66.2	12.55	25.2	316.26	2.007968127	426390.768
PR11	20110304	84.2	64.4	12.57	24.3	305.451	1.933174224	464894.6572
PR11	20110305	86	69.8	12.58	27.9	350.982	2.217806041	399432.8233
PR11	20110306	84.2	68	12.6	26.1	328.86	2.071428571	391445.0064
PR11	20110307	82.4	66.2	12.62	24.3	306.666	1.925515055	383400.3754
PR11	20110308	80.6	64.4	12.63	22.5	284.175	1.781472684	374705.1981
PR11	20110309	84.2	62.6	12.65	23.4	296.01	1.849802372	507412.1448
PR11	20110310	84.2	62.6	12.67	23.4	296.478	1.846882399	509017.8784
PR11	20110311	82.4	69.8	12.68	26.1	330.948	2.058359621	308335.6241
PR11	20110312	84.2	66.2	12.7	25.2	320.04	1.984251969	436644.288
PR11	20110313	82.4	68	12.7	25.2	320.04	1.984251969	349315.4304
PR11	20110314	84.2	64.4	12.73	24.3	309.339	1.908876669	476805.0066
PR11	20110315	82.4	64.4	12.75	23.4	298.35	1.835294118	429555.15
PR11	20110316	82.4	69.8	12.77	26.1	333.297	2.04385278	312728.1618
PR11	20110317	86	62.6	12.78	24.3	310.554	1.901408451	567932.0456
PR11	20110318	86	71.6	12.8	28.8	368.64	2.25	371825.0496
PR11	20110319	87.8	69.8	12.82	28.8	369.216	2.24648986	466234.8883
PR11	20110320	80.6	71.6	12.83	26.1	334.863	2.034294622	225481.2712
PR11	20110321	87.8	69.8	12.85	28.8	370.08	2.241245136	468419.508
PR11	20110322	87.8	69.8	12.88	28.8	370.944	2.236024845	470609.2339
PR11	20110323	86	68	12.88	27	347.76	2.096273292	459859.2768
PR11	20110324	87.8	66.2	12.9	27	348.3	2.093023256	553546.224
PR11	20110325	87.8	69.8	12.92	28.8	372.096	2.229102167	473536.8115
PR11	20110326	87.8	69.8	12.93	28.8	372.384	2.22737819	474270.1243
PR11	20110327	86	71.6	12.97	28.8	373.536	2.220508867	381767.2393
PR11	20110328	86	66.2	12.98	26.1	338.778	2.010785824	507725.7942
PR11	20110329	87.8	69.8	12.98	28.8	373.824	2.218798151	477945.1987
PR11	20110330	87.8	71.6	13	29.7	386.1	2.284615385	436405.32
PR11	20110331	86	75.2	13.03	30.6	398.718	2.348426708	295581.7557
PR11	20110401	87.8	73.4	13.05	30.6	399.33	2.344827586	395319.7872
PR11	20110402	89.6	75.2	13.07	32.4	423.468	2.478959449	405387.9867
PR11	20110403	86	71.6	13.07	28.8	376.416	2.20351951	387676.8611
PR11	20110404	87.8	73.4	13.08	30.6	400.248	2.339449541	397139.4386
PR12	20111213	78.8	69.8	11.85	24.3	287.955	2.050632911	187801.0515
PR12	20111214	82.4	70.7	11.87	26.55	315.1485	2.236731255	252384.3901
PR12	20111215	86	71.6	11.85	28.8	341.28	2.430379747	318680.4384
PR12	20111216	82.4	68	11.85	25.2	298.62	2.126582278	304121.4336
PR12	20111217	73.4	69.8	11.85	21.6	255.96	1.82278481	72390.6072
PR12	20111218	73.4	68	11.83	20.7	244.881	1.749788673	106859.3821
PR12	20111219	78.8	62.6	11.85	20.7	245.295	1.746835443	321663.0123
PR12	20111220	82.4	66.2	11.83	24.3	287.469	2.054099746	336901.7859
PR12	20111221	75.2	69.8	11.85	22.5	266.625	1.898734177	109950.8175
PR12	20111222	84.2	69.8	11.83	27	319.41	2.282333052	310350.6806
PR12	20111223	87.8	71.6	11.85	29.7	351.945	2.506329114	362610.2133
PR12	20111224	89.6	69.8	11.83	29.7	351.351	2.510566357	441695.5223
PR12	20111225	87.8	68	11.85	27.9	330.615	2.35443038	433180.9449
PR12	20111226	87.8	73.4	11.83	30.6	361.998	2.586644125	324860.5826
PR12	20111227	86	66.2	11.85	26.1	309.285	2.202531646	423171.6291
PR12	20111228	69.8	66.2	11.85	18	213.3	1.518987342	68750.856
PR12	20111229	87.8	69.8	11.85	28.8	341.28	2.430379747	398350.548
PR12	20111230	87.8	71.6	11.87	29.7	352.539	2.50210615	363835.2469
PR12	20111231	87.8	73.4	11.85	30.6	362.61	2.582278481	325959.9408
PR12	20120101	77	71.6	11.87	24.3	288.441	2.047177759	113061.3084
PR12	20120102	87.8	68	11.87	27.9	331.173	2.350463353	434644.393
PR12	20120103	86	71.6	11.87	28.8	341.856	2.426284751	319757.0607
PR12	20120104	86	69.8	11.87	27.9	331.173	2.350463353	355618.1397
PR12	20120105	84.2	66.2	11.88	25.2	299.376	2.121212121	382079.0477
PR12	20120106	78.8	69.8	11.88	24.3	288.684	2.045454545	188753.1466
PR12	20120107	86	71.6	11.88	28.8	342.144	2.424242424	320296.0527
PR12	20120108	86	69.8	11.9	27.9	332.01	2.344537815	357417.9756
PR12	20120109	84.2	66.2	11.9	25.2	299.88	2.117647059	383366.592
PR12	20120110	84.2	66.2	11.9	25.2	299.88	2.117647059	383366.592
PR12	20120111	86	66.2	11.92	26.1	311.112	2.189597315	428185.8916
PR12	20120112	80.6	66.2	11.92	23.4	278.928	1.963087248	300359.2827
PR12	20120113	87.8	69.8	11.93	28.8	343.584	2.414082146	403747.2763
PR12	20120114	87.8	71.6	11.93	29.7	354.321	2.489522213	367522.7428
PR12	20120115	87.8	69.8	11.95	28.8	344.16	2.410041841	405102.132
PR12	20120116	87.8	64.4	11.95	26.1	311.895	2.184100418	508588.2477
PR12	20120117	86	69.8	11.95	27.9	333.405	2.334728033	360427.7979
PR12	20120118	84.2	69.8	11.97	27	323.19	2.255639098	317739.7238
PR12	20120119	84.2	73.4	11.97	28.8	344.736	2.406015038	243875.5543
PR12	20120120	86	69.8	11.98	27.9	334.242	2.328881469	362239.7488
PR12	20120121	84.2	64.4	12	24.3	291.6	2.025	423688.32
PR12	20120122	86	69.8	12	27.9	334.8	2.325	363450.24
PR12	20120123	87.8	66.2	12.02	27	324.54	2.24625624	480599.6026
PR12	20120124	84.2	68	12.02	26.1	313.722	2.171381032	356236.6535
PR12	20120125	87.8	64.4	12.03	26.1	313.983	2.16957606	515420.5909
PR12	20120126	84.2	64.4	12.03	24.3	292.329	2.019950125	425809.4097
PR12	20120127	86	68	12.07	27	325.89	2.236951118	403838.5428
PR12	20120128	84.2	68	12.07	26.1	315.027	2.162386081	359206.5168
PR12	20120129	86	75.2	12.08	30.6	369.648	2.533112583	254052.0253
PR12	20120130	82.4	64.4	12.08	23.4	282.672	1.937086093	385595.9194
PR12	20120131	89.6	66.2	12.1	27.9	337.59	2.305785124	533769.8652
PR12	20120201	86	66.2	12.1	26.1	315.81	2.157024793	441215.3196
PR12	20120202	86	68	12.13	27	327.51	2.225886232	407863.4868
PR12	20120203	86	66.2	12.13	26.1	316.593	2.151690025	443405.8764
PR12	20120204	86	73.4	12.15	29.7	360.855	2.444444444	296490.9339
PR12	20120205	86	68	12.15	27	328.05	2.222222222	409209.57
PR12	20120206	84.2	69.8	12.18	27	328.86	2.216748768	328986.2822
PR12	20120207	84.2	69.8	12.18	27	328.86	2.216748768	328986.2822
PR12	20120208	82.4	71.6	12.2	27	329.4	2.213114754	247550.688
PR12	20120209	84.2	68	12.22	26.1	318.942	2.135842881	368190.0762
PR12	20120210	86	69.8	12.23	27.9	341.217	2.281275552	377516.0167
PR12	20120211	84.2	69.8	12.25	27	330.75	2.204081633	332778.6
PR12	20120212	86	71.6	12.25	28.8	352.8	2.351020408	340557.84
PR12	20120213	82.4	64.4	12.27	23.4	287.118	1.907090465	397820.983
PR12	20120214	71.6	69.8	12.28	20.7	254.196	1.685667752	38381.20877
PR12	20120215	69.8	68	12.3	18.9	232.47	1.536585366	37525.9716
PR12	20120216	84.2	66.2	12.32	25.2	310.464	2.045454545	410905.3133
PR12	20120217	84.2	66.2	12.32	25.2	310.464	2.045454545	410905.3133
PR12	20120218	80.6	66.2	12.35	23.4	288.99	1.894736842	322420.3632
PR12	20120219	80.6	66.2	12.35	23.4	288.99	1.894736842	322420.3632
PR12	20120220	84.2	68	12.37	26.1	322.857	2.109943411	377284.5893
PR12	20120221	87.8	64.4	12.4	26.1	323.64	2.10483871	547613.1648
PR12	20120222	87.8	66.2	12.4	27	334.8	2.177419355	511467.264
PR12	20120223	86	69.8	12.42	27.9	346.518	2.246376812	389336.9833
PR12	20120224	86	69.8	12.43	27.9	346.797	2.24456959	389964.1874
PR12	20120225	84.2	69.8	12.45	27	336.15	2.168674699	343733.544
PR12	20120226	89.6	68	12.47	28.8	359.136	2.309542903	529349.9437
PR12	20120227	84.2	66.2	12.48	25.2	314.496	2.019230769	421647.4829
PR12	20120228	86	66.2	12.5	26.1	326.25	2.088	470868.75
PR12	20120229	86	69.8	12.5	27.9	348.75	2.232	394368.75
PR12	20120301	84.2	68	12.53	26.1	327.033	2.083000798	387107.6991
PR12	20120302	87.8	69.8	12.55	28.8	361.44	2.294820717	446803.092
PR12	20120303	87.8	69.8	12.57	28.8	362.016	2.291169451	448228.3003
PR12	20120304	87.8	69.8	12.57	28.8	362.016	2.291169451	448228.3003
PR12	20120305	87.8	71.6	12.6	29.7	374.22	2.357142857	409962.7728
PR12	20120306	87.8	69.8	12.62	28.8	363.456	2.282091918	451801.2499
PR12	20120307	82.4	71.6	12.62	27	340.74	2.139461173	264888.5501
PR12	20120308	87.8	73.4	12.63	30.6	386.478	2.42280285	370283.3896
PR12	20120309	86	69.8	12.67	27.9	353.493	2.202052092	405168.5224
PR12	20120310	86	68	12.68	27	342.36	2.129337539	445688.8128
PR12	20120311	84.2	71.6	12.68	27.9	353.772	2.200315457	315628.7138
PR12	20120312	82.4	69.8	12.7	26.1	331.47	2.05511811	309309.0588
PR12	20120313	84.2	62.6	12.73	23.4	297.882	1.838177533	513850.2996
PR12	20120314	84.2	69.8	12.75	27	344.25	2.117647059	360498.6
PR12	20120315	71.6	66.2	12.77	18.9	241.353	1.480031323	121345.8063
PR12	20120316	84.2	69.8	12.77	27	344.79	2.114330462	361630.463
PR12	20120317	84.2	68	12.8	26.1	334.08	2.0390625	403970.4576
PR12	20120318	84.2	66.2	12.82	25.2	323.064	1.965678627	444934.8173
PR12	20120319	84.2	66.2	12.83	25.2	323.316	1.964146532	445629.2141
PR12	20120320	84.2	64.4	12.85	24.3	312.255	1.891050584	485836.6293
PR12	20120321	87.8	66.2	12.85	27	346.95	2.101167315	549263.484
PR12	20120322	75.2	68	12.88	21.6	278.208	1.677018634	171043.7622
PR12	20120323	82.4	69.8	12.9	26.1	336.69	2.023255814	319127.7852
PR12	20120324	87.8	69.8	12.92	28.8	372.096	2.229102167	473536.8115
PR12	20120325	84.2	68	12.93	26.1	337.473	2.018561485	412217.7768
PR12	20120326	86	71.6	12.95	28.8	372.96	2.223938224	380590.7616
PR12	20120327	86	71.6	12.97	28.8	373.536	2.220508867	381767.2393
PR12	20120328	80.6	68	12.98	24.3	315.414	1.87211094	315455.9617
PR12	20120329	84.2	73.4	13	28.8	374.4	2.215384615	287651.52
PR12	20120330	86	69.8	13.02	27.9	363.258	2.142857143	427862.7088
PR12	20120331	86	73.4	13.05	29.7	387.585	2.275862069	342042.3531
PR12	20120401	84.2	73.4	13.05	28.8	375.84	2.206896552	289868.4792
PR12	20120402	84.2	73.4	13.07	28.8	376.416	2.20351951	290757.6458
PR12	20120403	86	66.2	13.08	26.1	341.388	1.995412844	515579.1316
PR12	20120404	87.8	68	13.12	27.9	366.048	2.12652439	531007.0825
PR12	20120405	87.8	71.6	13.13	29.7	389.961	2.26199543	445177.0669
PR12	20120406	87.8	73.4	13.13	30.6	401.778	2.330540746	400181.476
PR12	20120407	87.8	73.4	13.15	30.6	402.39	2.326996198	401401.5408
PR12	20120408	87.8	71.6	13.18	29.7	391.446	2.253414264	448574.0563
PR12	20120409	86	69.8	13.2	27.9	368.28	2.113636364	439774.7904
PR12	20120410	84.2	71.6	13.22	27.9	368.838	2.110438729	343084.3507
PR12	20120411	87.8	73.4	13.22	30.6	404.532	2.314674735	405686.3916
PR12	20120412	87.8	73.4	13.25	30.6	405.45	2.309433962	407529.72
KS11	20110608	96.1	77	15.92	36.55	581.876	2.295854271	837947.0221
KS11	20110609	93	68	15.93	30.5	485.865	1.914626491	1021403.723
KS11	20110610	90	61	15.93	25.5	406.215	1.600753296	1111236.497
KS11	20110611	80.1	55.9	15.95	18	287.1	1.128526646	837289.508
KS11	20110612	82.9	64.9	15.97	23.9	381.683	1.496556043	678510.8104
KS11	20110613	98.1	69.1	15.98	33.6	536.928	2.102628285	1238191.508
KS11	20110614	93	66	15.98	29.5	471.41	1.846057572	1096262.197
KS11	20110615	89.1	60.1	15.98	24.6	393.108	1.53942428	1104893.379
KS11	20110616	84	64.4	16	24.2	387.2	1.5125	744611.84
KS11	20110617	89.1	66.2	16	27.65	442.4	1.728125	910430.72
KS11	20110618	86	64.4	16.02	25.2	403.704	1.573033708	833732.2691
KS11	20110619	91.9	69.1	16	30.5	488	1.90625	939724.8
KS11	20110620	91	78.8	16	34.9	558.4	2.18125	530319.36
KS11	20110621	77	64.4	16	20.7	331.2	1.29375	456099.84
KS11	20110622	84	57	16	20.5	328	1.28125	974592
KS11	20110623	84.9	55.9	16.02	20.4	326.808	1.27340824	1047914.081
KS11	20110624	88	63	16	25.5	408	1.59375	966400
KS11	20110625	87.1	66.2	16	26.65	426.4	1.665625	820216.32
KS11	20110626	93.9	72	16	32.95	527.2	2.059375	930101.76
KS11	20110627	93	66.9	15.98	29.95	478.601	1.874217772	1065718.54
KS11	20110628	86	55.9	15.98	20.95	334.781	1.311013767	1090692.787
KS11	20110629	98.1	68	15.97	33.05	527.8085	2.069505322	1275105.034
KS11	20110630	100	79	15.97	39.5	630.815	2.473387602	958698.7431
KS11	20110701	100	77	15.95	38.5	614.075	2.413793103	1035672.578
KS11	20110702	99	69.1	15.93	34.05	542.4165	2.13747646	1275470.603
KS11	20110703	87.1	69.1	15.92	28.1	447.352	1.765075377	712589.8982
KS11	20110704	91.9	69.8	15.92	30.85	491.132	1.93781407	905708.4516
KS11	20110705	98.1	71.1	15.9	34.6	550.14	2.176100629	1154937.204
KS11	20110706	93.9	69.1	15.88	31.5	500.22	1.983627204	1019389.795
KS11	20110707	87.1	69.1	15.87	28.1	445.947	1.770636421	708120.86
KS11	20110708	89.1	64.9	15.85	27	427.95	1.703470032	936256.013
KS11	20110709	93	70	15.83	31.5	498.645	1.989892609	939457.7861
KS11	20110710	99	75	15.82	37	585.34	2.338811631	1045137.542
KS11	20110711	100	73	15.78	36.5	575.97	2.313054499	1163118.236
KS11	20110712	99	73	15.77	36	567.72	2.282815472	1112154.649
KS11	20110713	91.9	70	15.75	30.95	487.4625	1.965079365	879532.8806
KS11	20110714	96.1	75	15.73	35.55	559.2015	2.260012715	893284.7299
KS11	20110715	100	78.1	15.7	39.05	613.085	2.487261146	961407.1311
KS11	20110716	100	78.1	15.68	39.05	612.304	2.490433673	958959.2463
KS11	20110717	100	75	15.65	37.5	586.875	2.396166134	1071535.938
KS11	20110718	100	73.9	15.62	36.95	577.159	2.365556978	1107393.955
KS11	20110719	100	71.1	15.6	35.55	554.58	2.278846154	1203364.094
KS11	20110720	100	75	15.58	37.5	584.25	2.406931964	1061971.75
KS11	20110721	100	82	15.55	41	637.55	2.636655949	792144.99
KS11	20110722	100	73.9	15.52	36.95	573.464	2.380798969	1093260.163
KS11	20110723	100	81	15.48	40.5	626.94	2.61627907	824088.9456
KS11	20110724	100	75.2	15.45	37.6	580.92	2.433656958	1037152.814
KS11	20110725	93.9	69.1	15.42	31.5	485.73	2.042801556	961187.3194
KS11	20110726	99	72	15.38	35.5	545.99	2.308192458	1092125.495
KS11	20110727	100	82.9	15.35	41.45	636.2575	2.700325733	736930.5748
KS11	20110728	100	75	15.32	37.5	574.5	2.447780679	1026823
KS11	20110729	91.9	73	15.28	32.45	495.836	2.123691099	727661.1162
KS11	20110730	97	71.1	15.25	34.05	519.2625	2.232786885	1012528.287
KS11	20110731	100	75	15.22	37.5	570.75	2.463863338	1013461.75
KS11	20110801	100	75	15.18	37.5	569.25	2.470355731	1008141.75
KS11	20110802	100	72	15.15	36	545.4	2.376237624	1105380.36
KS11	20110803	97	79	15.12	38	574.56	2.513227513	724250.4192
KS11	20110804	91	71.6	15.08	31.3	472.004	2.075596817	717339.8444
KS11	20110805	91	69.8	15.03	30.4	456.912	2.022621424	770087.1321
KS11	20110806	93.9	73.9	15	33.9	508.5	2.26	755100
KS11	20110807	93	72	14.98	32.5	486.85	2.169559413	777547.386
KS11	20110808	89.1	69.1	14.95	29.1	435.045	1.946488294	707161.91
KS11	20110809	91.9	66	14.9	28.95	431.355	1.94295302	907934.3161
KS11	20110810	84	66	14.87	25	371.75	1.681237391	597015.63
KS11	20110811	86	63	14.82	24.5	363.09	1.65317139	752680.2348
KS11	20110812	84.9	64.9	14.78	24.9	368.022	1.684709066	654471.4064
KS11	20110813	89.1	64.9	14.73	27	397.71	1.83299389	808614.6037
KS11	20110814	86	57.9	14.7	21.95	322.665	1.493197279	873779.3631
KS11	20110815	87.1	64.4	14.65	25.75	377.2375	1.757679181	738097.5086
KS11	20110816	93.9	73	14.62	33.45	489.039	2.287961696	745585.3535
KS11	20110817	90	73	14.58	31.5	459.27	2.160493827	589049.2044
KS11	20110818	96.1	71.1	14.55	33.6	488.88	2.309278351	884916.45
KS11	20110819	93.9	64.9	14.52	29.4	426.888	2.024793388	970916.1581
KS11	20110820	91	68	14.47	29.5	426.865	2.03870076	765705.9513
KS11	20110821	91.9	66.9	14.43	29.4	424.242	2.037422037	826652.853
KS11	20110822	97	73.9	14.38	35.45	509.771	2.465229485	816341.3865
KS11	20110823	100	71.1	14.35	35.55	510.1425	2.477351916	1018243.519
KS11	20110824	100	66	14.3	33	471.9	2.307692308	1154141.56
KS11	20110825	89.1	57.9	14.27	23.5	335.345	1.646811493	933941.9326
KS11	20110826	99	59	14.22	29	412.38	2.039381153	1277957.088
KS11	20110827	98.1	64	14.18	31.05	440.289	2.189703808	1111449.809
KS11	20110828	96.1	68	14.13	32.05	452.8665	2.268223638	920659.8938
KS11	20110829	91	64	14.08	27.5	387.2	1.953125	829661.184
KS11	20110830	93.9	71.6	14.05	32.75	460.1375	2.330960854	728543.5366
KS11	20110831	100	66.9	14	33.45	468.3	2.389285714	1082780.44
KS11	20110901	100	81	13.97	40.5	565.785	2.899069435	671158.3351
KS11	20110902	100	75.9	13.92	37.95	528.264	2.726293103	821412.5852
KS11	20110903	97	78.1	13.87	37.55	520.8185	2.707281903	636650.1891
KS11	20110904	79	59	13.83	19	262.77	1.373825018	527902.164
KS11	20110905	75.9	50	13.78	12.95	178.451	0.939767779	619189.9936
KS11	20110906	79	50	13.75	14.5	199.375	1.054545455	707282.8125
KS11	20110907	81	50	13.7	15.5	212.35	1.131386861	762209.09
KS11	20110908	79	50	13.65	14.5	197.925	1.062271062	697032.4725
KS11	20110909	84	51.1	13.62	17.55	239.031	1.288546256	824528.1021
KS11	20110910	82.9	55.9	13.57	19.4	263.258	1.429624171	690101.4272
KS11	20110911	87.1	54	13.52	20.55	277.836	1.519970414	853706.1121
KS11	20110912	96.1	55.9	13.48	26	350.48	1.928783383	1110323.228
KS11	20110913	88	63	13.43	25.5	342.465	1.898734177	680877.4975
KS11	20110914	75	57.9	13.4	16.45	220.43	1.22761194	408066.2604
KS11	20110915	64	50	13.35	7	93.45	0.524344569	284443.11
KS11	20110916	60.1	50	13.32	5.05	67.266	0.379129129	197295.483
KS11	20110917	64.4	51.8	13.28	8.1	107.568	0.609939759	258209.8606
KS11	20110918	72	62.1	13.23	17.05	225.5715	1.288737717	232371.9277
KS11	20110919	84	50	13.18	17	224.06	1.28983308	791433.6944
KS11	20110920	84.9	52	13.15	18.45	242.6175	1.403041825	778844.6692
KS11	20110921	73.9	55	13.1	14.45	189.295	1.103053435	418077.9981
KS11	20110922	77	50	13.05	13.5	176.175	1.034482759	583967.2725
KS11	20110923	73.9	50	13.02	11.95	155.589	0.91781874	501985.5037
KS11	20110924	75	50	12.97	12.5	162.125	0.963762529	525690.3125
KS11	20110925	70	50	12.93	10	129.3	0.773395205	401243.76
KS11	20110926	75.9	50	12.88	12.95	166.796	1.005434783	540950.1185
KS11	20110927	82.9	50	12.83	16.45	211.0535	1.282151208	719737.6004
KS11	20110928	90	50	12.8	20	256	1.5625	917504
KS11	20110929	82	50	12.75	16	204	1.254901961	686664
KS11	20110930	73.9	50	12.73	11.95	152.1235	0.938727416	479872.668
KS11	20111001	77	50	12.68	13.5	171.18	1.06466877	551322.8496
KS11	20111002	81	50	12.63	15.5	195.765	1.227236738	647798.1309
KS11	20111003	87.1	50	12.6	18.55	233.73	1.472222222	807518.4516
KS11	20111004	91.9	63	12.55	27.45	344.4975	2.187250996	705077.2665
KS11	20111005	86	52	12.52	19	237.88	1.517571885	735472.8768
KS11	20111006	84.9	64	12.47	24.45	304.8915	1.960705694	483920.3558
KS11	20111007	84.9	68	12.43	26.45	328.7735	2.127916331	399242.2066
KS12	20120607	89.1	61	15.92	25.05	398.796	1.573492462	1068988.76
KS12	20120608	89.1	59	15.92	24.05	382.876	1.510678392	1129815.896
KS12	20120609	93	63	15.93	28	446.04	1.757689893	1187619.732
KS12	20120610	93	73	15.93	33	525.69	2.071563089	842499.468
KS12	20120611	90	63	15.97	26.5	423.205	1.659361302	1053573.958
KS12	20120612	87.1	51.1	15.97	19.1	305.027	1.195992486	1268879.486
KS12	20120613	93	59	15.98	26	415.48	1.627033792	1319702.547
KS12	20120614	97	70	15.98	33.5	535.33	2.096370463	1151420.044
KS12	20120615	91.9	64	16	27.95	447.2	1.746875	1113500.16
KS12	20120616	88	68	16	28	448	1.75	798720
KS12	20120617	93	68	16	30.5	488	1.90625	1030400
KS12	20120618	95	75	16	35	560	2.1875	870400
KS12	20120619	91.9	73.9	16	32.9	526.4	2.05625	764006.4
KS12	20120620	87.1	73.4	16	30.25	484	1.890625	562905.6
KS12	20120621	87.1	62.1	16	24.6	393.6	1.5375	954880
KS12	20120622	87.1	57	16.02	22.05	353.241	1.376404494	1113154.637
KS12	20120623	96.1	66	16	31.05	496.8	1.940625	1249077.76
KS12	20120624	100	77	16	38.5	616	2.40625	1042176
KS12	20120625	96.1	66.9	16	31.5	504	1.96875	1218457.6
KS12	20120626	99	72	15.98	35.5	567.29	2.221526909	1178998.967
KS12	20120627	100	81	15.98	40.5	647.19	2.534418023	878184.4156
KS12	20120628	100	72	15.98	36	575.28	2.25281602	1229815.686
KS12	20120629	100	79	15.97	39.5	630.815	2.473387602	958698.7431
KS12	20120630	100	73.9	15.97	36.95	590.0915	2.313713212	1157577.087
KS12	20120701	96.1	72	15.93	34.05	542.4165	2.13747646	1028054.901
KS12	20120702	98.1	72	15.93	35.05	558.3465	2.200251099	1126617.188
KS12	20120703	100	77	15.92	38.5	612.92	2.418341709	1031780.294
KS12	20120704	100	77	15.9	38.5	612.15	2.421383648	1029189.51
KS12	20120705	100	78.1	15.9	39.05	620.895	2.455974843	986057.5959
KS12	20120706	100	75.9	15.87	37.95	602.2665	2.391304348	1067669.252
KS12	20120707	100	70	15.85	35	554.75	2.208201893	1281234.75
KS12	20120708	95	71.6	15.83	33.3	527.139	2.103600758	976905.7913
KS12	20120709	82	72	15.82	27	427.14	1.706700379	385419.496
KS12	20120710	90	66.9	15.8	28.45	449.51	1.800632911	904792.7196
KS12	20120711	93.9	57.9	15.78	25.9	408.702	1.641318124	1360781.104
KS12	20120712	100	68	15.75	34	535.5	2.158730159	1333584
KS12	20120713	97	70	15.73	33.5	526.955	2.129688493	1115674.946
KS12	20120714	100	64.9	15.7	32.45	509.465	2.066878981	1426681.655
KS12	20120715	100	71.1	15.68	35.55	557.424	2.267219388	1215737.937
KS12	20120716	97	75	15.67	36	564.12	2.297383535	929157.0376
KS12	20120717	100	75.9	15.63	37.95	593.1585	2.428023033	1035620.976
KS12	20120718	100	73.9	15.62	36.95	577.159	2.365556978	1107393.955
KS12	20120719	100	70	15.58	35	545.3	2.246469833	1237955.64
KS12	20120720	100	64.9	15.55	32.45	504.5975	2.08681672	1399550.452
KS12	20120721	100	66	15.52	33	512.16	2.12628866	1359472.538
KS12	20120722	100	70	15.48	35	541.8	2.260981912	1222115.04
KS12	20120723	100	66	15.45	33	509.85	2.13592233	1347236.91
KS12	20120724	100	80.1	15.43	40.05	617.9715	2.595593001	853293.9008
KS12	20120725	100	84	15.4	42	646.8	2.727272727	698199.04
KS12	20120726	97	73.4	15.38	35.2	541.376	2.288686606	951249.1119
KS12	20120727	96.1	70	15.35	33.05	507.3175	2.153094463	1021473.018
KS12	20120728	100	69.1	15.32	34.55	529.306	2.255221932	1226364.633
KS12	20120729	100	73	15.28	36.5	557.72	2.388743455	1090577.606
KS12	20120730	100	75.9	15.23	37.95	577.9785	2.491792515	983292.4142
KS12	20120731	100	71.1	15.2	35.55	540.36	2.338815789	1142444.282
KS12	20120801	99	69.1	15.17	34.05	516.5385	2.244561635	1156671.576
KS12	20120802	93	69.8	15.13	31.4	475.082	2.075346993	864609.9746
KS12	20120803	95	73.4	15.1	34.2	516.42	2.264900662	829372.6944
KS12	20120804	93.9	75	15.07	34.45	519.1615	2.285998673	724966.5328
KS12	20120805	90	55.9	15.03	22.95	344.9385	1.526946108	1123899.899
KS12	20120806	100	55.9	14.98	27.95	418.691	1.865821095	1542795.386
KS12	20120807	97	70	14.95	33.5	500.825	2.240802676	1007772.773
KS12	20120808	100	64	14.92	32	477.44	2.144772118	1314268.186
KS12	20120809	100	64	14.87	32	475.84	2.15198386	1305474.178
KS12	20120810	86	57.9	14.83	21.95	325.5185	1.480107889	889302.3008
KS12	20120811	91	52	14.8	21.5	318.2	1.452702703	1221586.08
KS12	20120812	91.9	66	14.75	28.95	427.0125	1.962711864	889745.7756
KS12	20120813	87.1	63	14.72	25.05	368.736	1.701766304	783814.6109
KS12	20120814	79	61	14.68	20	293.6	1.36239782	543066.048
KS12	20120815	95	59	14.63	27	395.01	1.845522898	1186620.574
KS12	20120816	93	68	14.6	30.5	445.3	2.089041096	857969
KS12	20120817	84	50	14.55	17	247.35	1.16838488	964516.59
KS12	20120818	87.1	51.1	14.52	19.1	277.332	1.315426997	1048923.406
KS12	20120819	82.9	55	14.48	18.95	274.396	1.308701657	806687.9937
KS12	20120820	90	50	14.43	20	288.6	1.386001386	1166059.44
KS12	20120821	95	54	14.4	24.5	352.8	1.701388889	1266762.24
KS12	20120822	96.1	53.1	14.35	24.6	353.01	1.714285714	1321116.391
KS12	20120823	96.1	69.1	14.32	32.6	466.832	2.276536313	914660.329
KS12	20120824	90	63	14.27	26.5	378.155	1.857042747	841207.5099
KS12	20120825	77	69.1	14.23	23.05	328.0015	1.619817287	233715.2803
KS12	20120826	84	69.1	14.18	26.55	376.479	1.87235543	458684.3482
KS12	20120827	90	62.1	14.13	26.05	368.0865	1.843595188	847262.0243
KS12	20120828	91.9	57.9	14.1	24.9	351.09	1.765957447	1012579.092
KS12	20120829	93.9	59	14.05	26.45	371.6225	1.882562278	1053381.195
KS12	20120830	97	63	14.02	30	420.6	2.139800285	1069288.576
KS12	20120831	90	62.1	13.97	26.05	363.9185	1.864710093	828182.8436
KS12	20120901	91	64.9	13.92	27.95	389.064	2.007902299	788433.5439
KS12	20120902	96.1	62.1	13.88	29.1	403.908	2.096541787	1036249.487
KS12	20120903	100	69.1	13.83	34.55	477.8265	2.498192336	999416.3436
KS12	20120904	97	68	13.8	32.5	448.5	2.355072464	911255.4
KS12	20120905	91	64.9	13.75	27.95	384.3125	2.032727273	769293.4219
KS12	20120906	93.9	61	13.7	27.45	376.065	2.003649635	956507.6549
KS12	20120907	89.1	62.1	13.67	25.6	349.952	1.872713972	762873.5974
KS12	20120908	82	50	13.62	16	217.92	1.174743025	783570.5856
KS12	20120909	77	51.1	13.57	14.05	190.6585	1.035372144	610954.1078
KS12	20120910	88	50	13.53	19	257.07	1.40428677	959971.3596
KS12	20120911	91.9	60.1	13.5	26	351	1.925925926	880923.6
KS12	20120912	88	66.9	13.47	27.45	369.7515	2.037861915	593019.6232
KS12	20120913	80.1	53.1	13.42	16.6	222.772	1.236959762	647698.693
KS12	20120914	73	50	13.37	11.5	153.755	0.86013463	505703.2701
KS12	20120915	71.1	50	13.33	10.55	140.6315	0.791447862	454032.4542
KS12	20120916	75.9	59	13.28	17.45	231.736	1.314006024	402063.6439
KS12	20120917	72	53.1	13.23	12.55	166.0365	0.948601663	413846.0384
KS12	20120918	73	50	13.2	11.5	151.8	0.871212121	492924.96
KS12	20120919	84.9	57	13.15	20.95	275.4925	1.593155894	684601.9067
KS12	20120920	79	50	13.1	14.5	189.95	1.106870229	641993.01
KS12	20120921	81	50	13.07	15.5	202.585	1.185921959	693719.9189
KS12	20120922	73.9	50	13.02	11.95	155.589	0.91781874	501985.5037
KS12	20120923	71.1	50	12.98	10.55	136.939	0.812788906	430502.8029
KS12	20120924	78.1	50	12.93	14.05	181.6665	1.086620263	601800.4379
KS12	20120925	81	55.9	12.88	18.45	237.636	1.432453416	570044.6783
KS12	20120926	72	61	12.87	16.5	212.355	1.282051282	242326.7847
KS12	20120927	75	50	12.82	12.5	160.25	0.975039002	513601.25
KS12	20120928	71.1	50	12.77	10.55	134.7235	0.826155051	416685.5048
KS12	20120929	75	50	12.73	12.5	159.125	0.981932443	506415.3125
KS12	20120930	77	50	12.68	13.5	171.18	1.06466877	551322.8496
KS12	20121001	77	50	12.65	13.5	170.775	1.067193676	548717.1525
KS12	20121002	75	50	12.6	12.5	157.5	0.992063492	496125
KS12	20121003	82	50	12.57	16	201.12	1.272871917	667412.6976
KS12	20121004	75.9	50	12.52	12.95	162.134	1.034345048	511133.2718
KS12	20121005	57.9	50	12.48	3.95	49.296	0.31650641	132763.1985
KS12	20121006	50	50	12.43	0	0	0	0
IA13	20130603	70	50	16.22	10	162.2	0.616522811	631412.16
IA13	20130604	70	54	16.23	12	194.76	0.739371534	522611.1936
IA13	20130605	65	57	16.25	11	178.75	0.676923077	257725
IA13	20130606	68	53	16.27	10.5	170.835	0.645359557	480453.9135
IA13	20130607	67	51	16.28	9	146.52	0.552825553	500392.4992
IA13	20130608	68	52	16.3	10	163	0.613496933	510124.8
IA13	20130609	70	60	16.32	15	244.8	0.919117647	346245.12
IA13	20130610	73	56	16.33	14.5	236.785	0.887936314	584804.8977
IA13	20130611	85	63	16.35	24	392.4	1.467889908	870402.06
IA13	20130612	87	70	16.35	28.5	465.975	1.743119266	713483.7525
IA13	20130613	86	60	16.37	23	376.51	1.405009163	1017240.312
IA13	20130614	81	62	16.37	21.5	351.955	1.313378131	728093.2373
IA13	20130615	74	63	16.37	18.5	302.845	1.130116066	403841.1883
IA13	20130616	84	64	16.38	24	393.12	1.465201465	794181.024
IA13	20130617	86	62	16.38	24	393.12	1.465201465	953017.2288
IA13	20130618	86	64	16.4	25	410	1.524390244	887568
IA13	20130619	84	63	16.4	23.5	385.4	1.432926829	830279.52
IA13	20130620	86	66	16.4	26	426.4	1.585365854	817638.4
IA13	20130621	86	71	16.4	28.5	467.4	1.737804878	633400.8
IA13	20130622	90	69	16.38	29.5	483.21	1.800976801	895868.3916
IA13	20130623	90	66	16.4	28	459.2	1.707317073	1006986.24
IA13	20130624	79	66	16.4	22.5	369	1.37195122	506989.6
IA13	20130625	85	67	16.38	26	425.88	1.587301587	734080.8384
IA13	20130626	89	71	16.38	30	491.4	1.831501832	772716.672
IA13	20130627	89	68	16.38	28.5	466.83	1.73992674	884599.6068
IA13	20130628	85	67	16.37	26	425.62	1.588271228	733184.7984
IA13	20130629	83	63	16.35	23	376.05	1.406727829	780581.7
IA13	20130630	76	57	16.33	16.5	269.445	1.010410288	673872.3103
IA13	20130701	80	59	16.33	19.5	318.435	1.194121249	778406.5191
IA13	20130702	81	59	16.32	20	326.4	1.225490196	820334.592
IA13	20130703	81	57	16.3	19	309.7	1.165644172	879965.28
IA13	20130704	84	61	16.28	22.5	366.3	1.382063882	883903.064
IA13	20130705	87	62	16.27	24.5	398.615	1.505838967	986055.5525
IA13	20130706	89	66	16.25	27.5	446.875	1.692307692	941382.8125
IA13	20130707	89	72	16.23	30.5	495.015	1.879235983	720961.1073
IA13	20130708	88	73	16.22	30.5	494.71	1.880394575	635358.486
IA13	20130709	90	74	16.18	32	517.76	1.977750309	686943.2576
IA13	20130710	91	66	16.17	28.5	460.845	1.762523191	1026265.433
IA13	20130711	83	61	16.15	22	355.3	1.362229102	826285.68
IA13	20130712	85	61	16.12	23	370.76	1.426799007	910529.8176
IA13	20130713	85	64	16.1	24.5	394.45	1.52173913	811068.09
IA13	20130714	84	63	16.07	23.5	377.645	1.462352209	797202.0063
IA13	20130715	87	65	16.03	26	416.78	1.621958827	859277.2496
IA13	20130716	90	71	16.02	30.5	488.61	1.903870162	785062.9836
IA13	20130717	93	70	15.98	31.5	503.37	1.971214018	957346.1396
IA13	20130718	93	71	15.95	32	510.4	2.006269592	917884.22
IA13	20130719	92	74	15.92	33	525.36	2.072864322	757297.8432
IA13	20130720	92	59	15.88	25.5	404.94	1.605793451	1256585.035
IA13	20130721	86	63	15.85	24.5	388.325	1.545741325	860939.5075
IA13	20130722	91	64	15.82	27.5	435.05	1.738305942	1047389.994
IA13	20130723	91	61	15.78	26	410.28	1.64765526	1135478.304
IA13	20130724	77	57	15.75	17	267.75	1.079365079	664807.5
IA13	20130725	84	59	15.72	21.5	337.98	1.367684478	883448.28
IA13	20130726	83	64	15.68	23.5	368.48	1.49872449	686693.6832
IA13	20130727	71	51	15.65	11	172.15	0.702875399	597610.9
IA13	20130728	73	50	15.62	11.5	179.63	0.736235595	690231.8676
IA13	20130729	73	50	15.58	11.5	179.17	0.738125802	686701.2756
IA13	20130730	72	63	15.55	17.5	272.125	1.125401929	293790.0375
IA13	20130731	81	63	15.5	22	341	1.419354839	622728
IA13	20130801	84	58	15.45	21	324.45	1.359223301	881289.63
IA13	20130802	85	64	15.42	24.5	377.79	1.588845655	744002.3556
IA13	20130803	75	56	15.38	15.5	238.39	1.007802341	588759.0116
IA13	20130804	78	54	15.33	16	245.28	1.043705153	744508.1952
IA13	20130805	80	61	15.3	20.5	313.65	1.339869281	627127.11
IA13	20130806	87	66	15.27	26.5	404.655	1.735428946	749184.5277
IA13	20130807	86	65	15.22	25.5	388.11	1.67542707	734557.0764
IA13	20130808	78	56	15.18	17	258.06	1.119894598	679314.7152
IA13	20130809	78	63	15.12	20.5	309.96	1.355820106	483519.456
IA13	20130810	81	56	15.08	18.5	278.98	1.226790451	778866.92
IA13	20130811	82	61	15.05	21.5	323.575	1.428571429	680187.0075
IA13	20130812	83	65	15	24	360	1.6	599400
IA13	20130813	79	58	14.97	18.5	276.945	1.235804943	644738.2893
IA13	20130814	74	53	14.92	13.5	201.42	0.904825737	593691.2688
IA13	20130815	72	58	14.87	15	223.05	1.008742434	402432.758
IA13	20130816	75	52	14.82	13.5	200.07	0.910931174	641546.2404
IA13	20130817	78	55	14.77	16.5	243.705	1.117129316	667329.7211
IA13	20130818	79	56	14.73	17.5	257.775	1.188051595	673700.8545
IA13	20130819	82	58	14.68	20	293.6	1.36239782	724088.064
IA13	20130820	87	65	14.65	26	380.9	1.774744027	717697.64
IA13	20130821	88	69	14.6	28.5	416.1	1.952054795	635856.28
IA13	20130822	88	70	14.55	29	421.95	1.993127148	602081.91
IA13	20130823	85	65	14.52	25	363	1.721763085	632491.2
IA13	20130824	87	68	14.45	27.5	397.375	1.903114187	614923.3625
IA13	20130825	90	69	14.4	29.5	424.8	2.048611111	692375.04
IA13	20130826	93	70	14.37	31.5	452.655	2.192066806	774156.8781
IA13	20130827	93	72	14.32	32.5	465.4	2.269553073	710541.216
IA13	20130828	93	70	14.27	31.5	449.505	2.207428171	763419.7421
IA13	20130829	94	68	14.22	31	440.82	2.180028129	851701.7808
IA13	20130830	96	68	14.18	32	453.76	2.256699577	923324.4608
IA13	20130831	96	65	14.13	30.5	430.965	2.158527955	996487.5879
IA13	20130901	89	68	14.08	28.5	401.28	2.024147727	653618.3808
IA13	20130902	78	54	14.02	16	224.32	1.141226819	622703.3472
IA13	20130903	79	50	13.98	14.5	202.71	1.037195994	731142.5364
IA13	20130904	88	59	13.93	23.5	327.355	1.687006461	827213.4087
IA13	20130905	88	67	13.88	27.5	381.7	1.981268012	627090.072
IA13	20130906	88	64	13.83	26	359.58	1.879971077	697748.9472
IA13	20130907	88	68	13.8	28	386.4	2.028985507	594172.8
IA13	20130908	84	68	13.75	26	357.5	1.890909091	459800
IA13	20130909	97	65	13.7	31	424.7	2.262773723	972984.96
IA13	20130910	96	65	13.65	30.5	416.325	2.234432234	929935.5975
IA13	20130911	93	67	13.62	30	408.6	2.202643172	771698.304
IA13	20130912	84	59	13.57	21.5	291.755	1.584377303	658318.0175
IA13	20130913	75	50	13.5	12.5	168.75	0.925925926	569531.25
IA13	20130914	74	50	13.45	12	161.4	0.892193309	538365.84
IA13	20130915	75	50	13.4	12.5	167.5	0.932835821	561125
IA13	20130916	64	50	13.37	7	93.59	0.523560209	285296.0124
IA13	20130917	64	53	13.32	8.5	113.22	0.638138138	228342.6288
IA13	20130918	88	58	13.27	23	305.21	1.733232856	771286.902
IA13	20130919	88	72	13.22	30	396.6	2.269288956	447407.104
IA13	20130920	72	52	13.18	12	158.16	0.91047041	430806.752
IA13	20130921	71	50	13.13	10.5	137.865	0.799695354	438060.5229
IA13	20130922	76	50	13.08	13	170.04	0.993883792	560479.0464
IA13	20130923	75	50	13.03	12.5	162.875	0.959324635	530565.3125
IA13	20130924	75	53	13	14	182	1.076923077	475904
IA13	20130925	76	50	12.95	13	168.35	1.003861004	549393.39
IA13	20130926	82	56	12.9	19	245.1	1.472868217	597079.08
IA13	20130927	85	63	12.83	24	307.92	1.870615744	535966.5784
IA13	20130928	85	54	12.8	19.5	249.6	1.5234375	705986.56
IA13	20130929	74	50	12.75	12	153	0.941176471	483786
IA13	20130930	76	50	12.7	13	165.1	1.023622047	528386.04
IA13	20131001	81	55	12.65	18	227.7	1.422924901	565839.56
IA13	20131002	83	50	12.62	16.5	208.23	1.307448494	699011.4516
IA14	20140610	72	58	16.33	15	244.95	0.918554807	485337.398
IA14	20140611	80	56	16.33	18	293.94	1.102265769	870407.2896
IA14	20140612	80	60	16.35	20	327	1.22324159	748503
IA14	20140613	74	50	16.35	12	196.2	0.733944954	795551.76
IA14	20140614	81	55	16.37	18	294.66	1.099572389	947566.3184
IA14	20140615	81	66	16.37	23.5	384.695	1.435552841	590889.0645
IA14	20140616	82	59	16.38	20.5	335.79	1.251526252	870111.1692
IA14	20140617	86	62	16.38	24	393.12	1.465201465	953017.2288
IA14	20140618	85	67	16.38	26	425.88	1.587301587	734080.8384
IA14	20140619	85	72	16.4	28.5	467.4	1.737804878	548947.36
IA14	20140620	85	61	16.4	23	377.2	1.402439024	942435.84
IA14	20140621	86	66	16.4	26	426.4	1.585365854	817638.4
IA14	20140622	83	64	16.38	23.5	384.93	1.434676435	749374.1892
IA14	20140623	79	62	16.4	20.5	336.2	1.25	644697.12
IA14	20140624	80	62	16.4	21	344.4	1.280487805	687461.76
IA14	20140625	83	62	16.4	22.5	369	1.37195122	818983.2
IA14	20140626	84	67	16.38	25.5	417.69	1.556776557	688737.3948
IA14	20140627	76	66	16.38	21	343.98	1.282051282	380992.248
IA14	20140628	83	70	16.37	26.5	433.805	1.618814905	533006.0541
IA14	20140629	80	61	16.37	20.5	335.585	1.252290776	717910.1151
IA14	20140630	79	65	16.33	22	359.26	1.347213717	537604.5024
IA14	20140701	74	60	16.33	17	277.61	1.041028781	500270.8564
IA14	20140702	73	53	16.32	13	212.16	0.796568627	671182.848
IA14	20140703	73	52	16.32	12.5	204	0.765931373	699148.8
IA14	20140704	77	52	16.28	14.5	236.06	0.890663391	854748.84
IA14	20140705	77	62	16.27	19.5	317.265	1.198524892	551926.3965
IA14	20140706	86	67	16.27	26.5	431.155	1.628764597	769520.4003
IA14	20140707	87	66	16.23	26.5	430.095	1.632778805	846345.6477
IA14	20140708	81	62	16.22	21.5	348.73	1.325524044	714811.1828
IA14	20140709	78	56	16.18	17	275.06	1.050679852	771763.9952
IA14	20140710	81	59	16.18	20	323.6	1.236093943	806320.592
IA14	20140711	81	64	16.15	22.5	363.375	1.393188854	642927.4625
IA14	20140712	79	68	16.13	23.5	379.055	1.456912585	420706.0473
IA14	20140713	81	63	16.1	22	354.2	1.366459627	671872.32
IA14	20140714	81	59	16.07	20	321.4	1.244555072	795394.292
IA14	20140715	70	51	16.05	10.5	168.525	0.654205607	592228.1475
IA14	20140716	72	54	16.02	13	208.26	0.811485643	582060.4272
IA14	20140717	76	54	15.98	15	239.7	0.938673342	730330.744
IA14	20140718	77	57	15.95	17	271.15	1.065830721	681798.7
IA14	20140719	79	62	15.93	20.5	326.565	1.2868801	608274.4653
IA14	20140720	82	62	15.92	22	350.24	1.381909548	729925.632
IA14	20140721	88	67	15.88	27.5	436.7	1.731738035	820827.672
IA14	20140722	88	76	15.83	32	506.56	2.021478206	493158.9552
IA14	20140723	85	60	15.8	22.5	355.5	1.424050633	904945
IA14	20140724	79	60	15.77	19.5	307.515	1.236525048	656797.9489
IA14	20140725	78	62	15.73	20	314.6	1.271455817	554249.696
IA14	20140726	79	68	15.7	23.5	368.95	1.496815287	398574.33
IA14	20140727	82	63	15.65	22.5	352.125	1.437699681	674761.4875
IA14	20140728	72	58	15.62	15	234.3	0.960307298	444051.608
IA14	20140729	76	56	15.58	16	249.28	1.026957638	640824.096
IA14	20140730	77	57	15.55	17	264.35	1.093247588	648030.7
IA14	20140731	80	56	15.52	18	279.36	1.159793814	786200.9856
IA14	20140801	80	57	15.48	18.5	286.38	1.195090439	755075.3904
IA14	20140802	82	57	15.43	19.5	300.885	1.263771873	827345.0275
IA14	20140803	83	62	15.38	22.5	346.05	1.462938882	720277.698
IA14	20140804	84	64	15.35	24	368.4	1.563517915	697442.6
IA14	20140805	84	62	15.3	23	351.9	1.503267974	751897.08
IA14	20140806	78	64	15.27	21	320.67	1.37524558	463547.7252
IA14	20140807	69	66	15.23	17.5	266.525	1.149047932	93940.9245
IA14	20140808	77	63	15.18	20	303.6	1.317523057	451647.504
IA14	20140809	78	64	15.15	21	318.15	1.386138614	456290.73
IA14	20140810	78	63	15.1	20.5	309.55	1.357615894	482241.15
IA14	20140811	76	63	15.05	19.5	293.475	1.295681063	409290.0175
IA14	20140812	76	54	15	15	225	1	643500
IA14	20140813	78	57	14.97	17.5	261.975	1.169004676	635326.0515
IA14	20140814	79	58	14.92	18.5	276.02	1.239946381	640438.6128
IA14	20140815	78	65	14.88	21.5	319.92	1.444892473	411609.3696
IA14	20140816	77	65	14.83	21	311.43	1.41604855	374758.8456
IA14	20140817	83	63	14.8	23	340.4	1.554054054	639596.8
IA14	20140818	85	66	14.73	25.5	375.615	1.731160896	622495.2501
IA14	20140819	85	66	14.7	25.5	374.85	1.734693878	619962.21
IA14	20140820	82	64	14.65	23	336.95	1.56996587	564027.93
IA14	20140821	84	72	14.6	28	408.8	1.917808219	399035.52
IA14	20140822	86	70	14.57	28	407.96	1.921757035	529863.1104
IA14	20140823	85	70	14.52	27.5	399.3	1.893939394	490180.68
IA14	20140824	90	71	14.47	30.5	441.335	2.107809261	640496.1731
IA14	20140825	90	70	14.43	30	432.9	2.079002079	666319.68
IA14	20140826	84	62	14.37	23	330.51	1.600556715	663268.0428
IA14	20140827	75	63	14.32	19	272.08	1.326815642	339583.3344
IA14	20140828	74	64	14.28	19	271.32	1.330532213	281407.392
IA14	20140829	82	65	14.23	23.5	334.405	1.651440618	506029.7571
IA14	20140830	77	65	14.18	21	297.78	1.480959097	342627.3696
IA14	20140831	84	62	14.13	23	324.99	1.627742392	641297.9628
IA14	20140901	82	64	14.1	23	324.3	1.631205674	522472.68
IA14	20140902	77	58	14.05	17.5	245.875	1.245551601	506337.4125
IA14	20140903	82	58	14	20	280	1.428571429	658560
IA14	20140904	89	72	13.93	30.5	424.865	2.189519024	531100.8913
IA14	20140905	90	58	13.9	24	333.6	1.726618705	915042.56
IA14	20140906	71	50	13.85	10.5	145.425	0.758122744	487420.9725
IA14	20140907	73	51	13.8	12	165.6	0.869565217	519520.32
IA14	20140908	73	52	13.75	12.5	171.875	0.909090909	496289.0625
IA14	20140909	72	63	13.72	17.5	240.1	1.275510204	228709.656
IA14	20140910	67	58	13.67	12.5	170.875	0.914411119	210227.5125
IA14	20140911	59	50	13.62	4.5	61.29	0.330396476	181979.8164
IA14	20140912	55	50	13.57	2.5	33.925	0.184229919	96676.0725
IA14	20140913	58	50	13.52	4	54.08	0.295857988	157930.9056
IA14	20140914	68	50	13.48	9	121.32	0.667655786	385952.8896
IA14	20140915	67	50	13.43	8.5	114.155	0.632911392	358745.7861
IA14	20140916	65	50	13.37	7.5	100.275	0.560957367	308355.6525
IA14	20140917	72	50	13.32	11	146.52	0.825825826	476201.7216
IA14	20140918	73	50	13.28	11.5	152.72	0.865963855	498917.9136
IA14	20140919	78	53	13.23	15.5	205.065	1.171579743	573232.7475
IA14	20140920	82	63	13.18	22.5	296.55	1.707132018	478577.662
IA14	20140921	71	53	13.13	12	157.56	0.913937548	384789.8808
IA14	20140922	72	50	13.08	11	143.88	0.840978593	459195.8976
IA14	20140923	72	50	13.05	11	143.55	0.842911877	457091.91
IA14	20140924	68	55	13	11.5	149.5	0.884615385	270231
IA14	20140925	77	57	12.95	17	220.15	1.312741313	449442.7
IA14	20140926	80	57	12.9	18.5	238.65	1.434108527	524357.91
IA14	20140927	80	60	12.87	20	257.4	1.554001554	463783.32
IA14	20140928	81	58	12.82	19.5	249.99	1.521060842	525434.6228
IA14	20140929	80	59	12.77	19.5	249.015	1.527016445	476009.7951
IA14	20140930	79	52	12.72	15.5	197.16	1.218553459	572280.9408
IA14	20141001	67	54	12.67	10.5	133.035	0.828729282	252511.9597
IA14	20141002	69	59	12.62	14	176.68	1.109350238	203858.432
IA14	20141003	64	50	12.57	7	87.99	0.556881464	252175.8204
IA14	20141004	51	50	12.53	0.5	6.265	0.03990423	15857.0909
IA14	20141005	63	50	12.48	6.5	81.12	0.520833333	228797.3376
IA14	20141006	62	50	12.43	6	74.58	0.482703138	207654.5856
IA14	20141007	66	50	12.4	8	99.2	0.64516129	285378.56
IA14	20141008	69	50	12.35	9.5	117.325	0.769230769	344853.3725
IA14	20141009	69	50	12.3	9.5	116.85	0.772357724	342066.69
PR14S	20140605	87.8	75.2	13.97	31.5	440.055	2.254831782	400821.4564
PR14S	20140606	87.8	75.2	13.97	31.5	440.055	2.254831782	400821.4564
PR14S	20140607	89.6	75.2	13.98	32.4	452.952	2.317596567	463803.522
PR14S	20140608	87.8	73.4	13.98	30.6	427.788	2.188841202	453671.8917
PR14S	20140609	83.3	74.3	13.98	28.8	402.624	2.060085837	277212.6634
PR14S	20140610	78.8	75.2	14	27	378	1.928571429	108662.4
PR14S	20140611	84.2	71.6	14	27.9	390.6	1.992857143	384763.68
PR14S	20140612	89.6	75.2	14	32.4	453.6	2.314285714	465131.52
PR14S	20140613	89.6	73.4	14.02	31.5	441.63	2.2467903	519037.3922
PR14S	20140614	91.4	75.2	14.02	33.3	466.866	2.375178317	530500.7948
PR14S	20140615	82.4	77	14	29.7	415.8	2.121428571	168708.96
PR14S	20140616	91.4	80.6	14.02	36	504.72	2.567760342	365130.599
PR14S	20140617	89.6	73.4	14.02	31.5	441.63	2.2467903	519037.3922
PR14S	20140618	87.8	77	14.02	32.4	454.248	2.310984308	349846.0623
PR14S	20140619	89.6	73.4	14.02	31.5	441.63	2.2467903	519037.3922
PR14S	20140620	91.4	75.2	14.03	33.3	467.199	2.373485388	531257.8418
PR14S	20140621	91.4	80.6	14.02	36	504.72	2.567760342	365130.599
PR14S	20140622	84.2	77.9	14.02	31.05	435.321	2.214693295	200733.3773
PR14S	20140623	84.2	77.9	14.02	31.05	435.321	2.214693295	200733.3773
PR14S	20140624	77	75.2	14.02	26.1	365.922	1.861626248	53849.68718
PR14S	20140625	77	75.2	14	26.1	365.4	1.864285714	53696.16
PR14S	20140626	89.6	75.2	14.02	32.4	454.248	2.310984308	466461.4164
PR14S	20140627	91.4	77	14.02	34.2	479.484	2.439372325	476651.1076
PR14S	20140628	89.6	78.8	14.02	34.2	479.484	2.439372325	357488.3307
PR14S	20140629	89.6	75.2	14	32.4	453.6	2.314285714	465131.52
PR14S	20140630	89.6	77	14	33.3	466.2	2.378571429	411435.36
PR14S	20140701	84.2	75.2	14	29.7	415.8	2.121428571	281181.6
PR14S	20140702	89.6	75.2	13.98	32.4	452.952	2.317596567	463803.522
PR14S	20140703	89.6	75.2	13.98	32.4	452.952	2.317596567	463803.522
PR14S	20140704	91.4	75.2	13.98	33.3	465.534	2.381974249	527478.0044
PR14S	20140705	91.4	73.4	13.97	32.4	452.628	2.319255548	578925.2938
PR14S	20140706	89.6	75.2	13.97	32.4	452.628	2.319255548	463140.235
PR14S	20140707	89.6	78.8	13.97	34.2	477.774	2.448103078	354943.032
PR14S	20140708	89.6	78.8	13.95	34.2	477.09	2.451612903	353927.4588
PR14S	20140709	91.4	75.2	13.95	33.3	464.535	2.387096774	525216.5793
PR14S	20140710	91.4	78.8	13.93	35.1	488.943	2.519741565	416133.1689
PR14S	20140711	89.6	78.8	13.93	34.2	476.406	2.455132807	352913.3405
PR14S	20140712	82.4	77	13.93	29.7	413.721	2.132089017	167026.0881
PR14S	20140713	78.8	75.2	13.92	27	375.84	1.939655172	107424.0922
PR14S	20140714	78.8	73.4	13.9	26.1	362.79	1.877697842	158795.4348
PR14S	20140715	78.8	75.2	13.9	27	375.3	1.942446043	107115.624
PR14S	20140716	87.8	75.2	13.88	31.5	437.22	2.26945245	395673.6067
PR14S	20140717	89.6	77	13.88	33.3	462.204	2.399135447	404412.4103
PR14S	20140718	89.6	77	13.88	33.3	462.204	2.399135447	404412.4103
PR14S	20140719	89.6	75.2	13.85	32.4	448.74	2.339350181	455217.8112
PR14S	20140720	89.6	77	13.85	33.3	461.205	2.40433213	402666.1191
PR14S	20140721	91.4	78.8	13.83	35.1	485.433	2.537960954	410179.9814
PR14S	20140722	89.6	73.4	13.83	31.5	435.645	2.277657267	505064.6573
PR14S	20140723	91.4	75.2	13.82	33.3	460.206	2.409551375	515473.2082
PR14S	20140724	91.4	80.6	13.8	36	496.8	2.608695652	353761.344
PR14S	20140725	93.2	78.8	13.8	36	496.8	2.608695652	471681.792
PR14S	20140726	91.4	80.6	13.77	36	495.72	2.614379085	352224.923
PR14S	20140727	91.4	77	13.77	34.2	470.934	2.483660131	459803.698
PR14S	20140728	91.4	75.2	13.75	33.3	457.875	2.421818182	510264.5625
PR14S	20140729	87.8	75.2	13.73	31.5	432.495	2.294246176	387167.794
PR14S	20140730	89.6	75.2	13.73	32.4	444.852	2.359796067	447363.7332
PR14S	20140731	89.6	86	13.72	37.8	518.616	2.755102041	118996.7869
PR14S	20140801	89.6	78.8	13.7	34.2	468.54	2.496350365	341355.5568
PR14S	20140802	84.2	75.2	13.68	29.7	406.296	2.171052632	268474.487
PR14S	20140803	80.6	78.8	13.68	29.7	406.296	2.171052632	53694.89741
PR14S	20140804	78.8	75.2	13.65	27	368.55	1.978021978	103297.194
PR14S	20140805	82.4	78.8	13.65	30.6	417.69	2.241758242	108126.6732
PR14S	20140806	86	78.8	13.63	32.4	441.612	2.377109318	220435.4385
PR14S	20140807	89.6	78.8	13.6	34.2	465.12	2.514705882	336390.4512
PR14S	20140808	82.4	77	13.6	29.7	403.92	2.183823529	159206.1696
PR14S	20140809	87.8	75.2	13.58	31.5	427.77	2.319587629	378754.4023
PR14S	20140810	89.6	75.2	13.57	32.4	439.668	2.387619749	436997.9451
PR14S	20140811	91.4	75.2	13.55	33.3	451.215	2.457564576	495528.4593
PR14S	20140812	91.4	78.8	13.53	35.1	474.903	2.594235033	392577.7613
PR14S	20140813	91.4	78.8	13.52	35.1	474.552	2.596153846	391997.6686
PR14S	20140814	91.4	78.8	13.5	35.1	473.85	2.6	390838.77
PR14S	20140815	89.6	78.8	13.48	34.2	461.016	2.537091988	330480.3387
PR14S	20140816	91.4	77	13.48	34.2	461.016	2.537091988	440640.4516
PR14S	20140817	91.4	78.8	13.45	35.1	472.095	2.609665428	387949.0293
PR14S	20140818	91.4	77	13.43	34.2	459.306	2.546537602	437377.6679
PR14S	20140819	80.6	75.2	13.43	27.9	374.697	2.07743857	151744.5977
PR14S	20140820	77	75.2	13.42	26.1	350.262	1.94485842	49339.20974
PR14S	20140821	91.4	75.2	13.38	33.3	445.554	2.488789238	483172.5336
PR14S	20140822	91.4	78.8	13.37	35.1	469.287	2.625280479	383347.7472
PR14S	20140823	86	75.2	13.37	30.6	409.122	2.288706058	311208.6126
PR14S	20140824	89.6	77	13.35	33.3	444.555	2.494382022	374117.5431
PR14S	20140825	89.6	77	13.32	33.3	443.556	2.5	372438.0052
PR14S	20140826	91.4	77.9	13.3	34.65	460.845	2.605263158	404290.9395
PR14S	20140827	93.2	78.8	13.28	36	478.08	2.710843373	436804.4851
PR14S	20140828	89.6	80.6	13.28	35.1	466.128	2.643072289	270145.7971
PR14S	20140829	89.6	75.2	13.27	32.4	429.948	2.441597589	417889.5828
PR14S	20140830	89.6	75.2	13.23	32.4	428.652	2.448979592	415374.0756
PR14S	20140831	87.8	77	13.22	32.4	428.328	2.450832073	311059.7891
PR14S	20140901	89.6	75.2	13.2	32.4	427.68	2.454545455	413492.4288
PR14S	20140902	89.6	75.2	13.2	32.4	427.68	2.454545455	413492.4288
PR14S	20140903	91.4	77	13.18	34.2	450.756	2.594840668	421245.6215
PR14S	20140904	84.2	78.8	13.15	31.5	414.225	2.395437262	152206.3845
PR14S	20140905	91.4	75.2	13.13	33.3	437.229	2.536176695	465285.4413
PR14S	20140906	91.4	75.2	13.12	33.3	436.896	2.538109756	464576.9748
PR14S	20140907	87.8	73.4	13.1	30.6	400.86	2.335877863	398354.8608
PR14S	20140908	89.6	75.2	13.08	32.4	423.792	2.47706422	406008.5576
PR14S	20140909	86	73.4	13.07	29.7	388.179	2.272379495	343091.5622
PR14S	20140910	84.2	75.2	13.05	29.7	387.585	2.275862069	244315.9665
PR14S	20140911	89.6	75.2	13.03	32.4	422.172	2.486569455	402910.4494
PR14S	20140912	89.6	75.2	13.02	32.4	421.848	2.488479263	402292.2516
PR14S	20140913	91.4	75.2	13	33.3	432.9	2.561538462	456117.48
PR14S	20140914	91.4	75.2	12.98	33.3	432.234	2.565485362	454715.1212
PR14S	20140915	89.6	71.6	12.97	30.6	396.882	2.359290671	488109.7634
PR14S	20140916	89.6	71.6	12.95	30.6	396.27	2.362934363	486605.574
PR14S	20140917	89.6	75.2	12.93	32.4	418.932	2.505800464	396749.8299
PR14S	20140918	91.4	73.4	12.92	32.4	418.608	2.507739938	495170.473
PR14S	20140919	91.4	78.8	12.9	35.1	452.79	2.720930233	356869.5732
PR14S	20140920	91.4	75.2	12.88	33.3	428.904	2.585403727	447735.714
PR14S	20140921	89.6	77	12.87	33.3	428.571	2.587412587	347698.355
PR14S	20140922	91.4	73.4	12.83	32.4	415.692	2.525331255	488295.841
PR14S	20140923	78.8	77	12.82	27.9	357.678	2.176287051	46090.98706
PR14S	20140924	78.8	75.2	12.82	27	346.14	2.106084243	91116.97056
PR14S	20140925	89.6	73.4	12.8	31.5	403.2	2.4609375	432635.904
PR14S	20140926	89.6	71.6	12.78	30.6	391.068	2.394366197	473913.6854
PR14S	20140927	89.6	75.2	12.77	32.4	413.748	2.537196554	386991.5604
PR14S	20140928	87.8	77	12.73	32.4	412.452	2.545168892	288428.2335
PR14S	20140929	89.6	75.2	12.72	32.4	412.128	2.547169811	383967.019
PR14S	20140930	77	75.2	12.72	26.1	331.992	2.051886792	44326.28966
PR14S	20141001	87.8	77	12.7	32.4	411.48	2.551181102	287070.3936
PR14S	20141002	91.4	77	12.68	34.2	433.656	2.697160883	389890.8887
PR14S	20141003	78.8	75.2	12.67	27	342.09	2.131018153	88997.22216
PR14S	20141004	91.4	71.6	12.63	31.5	397.845	2.494061758	514824.8431
