Loc	Rep	Entry	FT	FTGDD
IA13	1	5	85	1890.5
IA13	1	6	80	1748
IA13	1	7	93	2107
IA13	1	8	88	1985.5
IA13	1	9	83	1829.5
IA13	1	10	89	2017.5
IA13	1	11	80	1748
IA13	1	12	94	2130.5
IA13	1	13	84	1859
IA13	1	14	85	1890.5
IA13	1	15	86	1923
IA13	1	16	77	1673.5
IA13	1	17	97	2212
IA13	1	18	70	1555
IA13	1	19	87	1954.5
IA13	1	20	83	1829.5
IA13	1	21	73	1611
IA13	1	22	90	2048
IA13	1	23	86	1923
IA13	1	24	81	1777
IA13	1	25	78	1693.5
IA13	1	27	70	1555
IA13	1	28	88	1985.5
IA13	1	29	78	1693.5
IA13	1	30	78	1693.5
IA13	1	31	89	2017.5
IA13	1	32	88	1985.5
IA13	1	33	82	1802
IA13	1	34	87	1954.5
IA13	1	35	81	1777
IA13	1	36	94	2130.5
IA13	1	37	83	1829.5
IA13	1	38	83	1829.5
IA13	1	39	73	1611
IA13	1	40	78	1693.5
IA13	1	41	84	1859
IA13	1	42	79	1719.5
IA13	1	43	85	1890.5
IA13	1	44	86	1923
IA13	1	45	71	1579
IA13	1	46	84	1859
IA13	1	47	82	1802
IA13	1	48	78	1693.5
IA13	1	49	81	1777
IA13	1	50	87	1954.5
IA13	1	51	83	1829.5
IA13	1	52	93	2107
IA13	1	53	78	1693.5
IA13	1	54	86	1923
IA13	1	55	75	1639.5
IA13	1	56	83	1829.5
IA13	1	57	77	1673.5
IA13	1	58	84	1859
IA13	1	59	68	1515
IA13	1	60	81	1777
IA13	1	61	79	1719.5
IA13	1	62	75	1639.5
IA13	1	63	82	1802
IA13	1	64	81	1777
IA13	1	65	82	1802
IA13	1	66	84	1859
IA13	1	68	80	1748
IA13	1	69	90	2048
IA13	1	70	79	1719.5
IA13	1	71	77	1673.5
IA13	1	72	82	1802
IA13	1	73	94	2130.5
IA13	1	74	94	2130.5
IA13	1	75	85	1890.5
IA13	1	76	88	1985.5
IA13	1	77	.	.
IA13	1	78	79	1719.5
IA13	1	79	82	1802
IA13	1	80	83	1829.5
IA13	1	81	81	1777
IA13	1	82	80	1748
IA13	1	83	76	1656
IA13	1	84	81	1777
IA13	1	85	82	1802
IA13	1	86	87	1954.5
IA13	1	87	85	1890.5
IA13	1	88	88	1985.5
IA13	1	89	89	2017.5
IA13	1	90	92	2092.5
IA13	1	91	78	1693.5
IA13	1	92	87	1954.5
IA13	1	93	85	1890.5
IA13	1	94	88	1985.5
IA13	1	95	86	1923
IA13	1	96	82	1802
IA13	1	97	80	1748
IA13	1	98	77	1673.5
IA13	1	99	87	1954.5
IA13	1	100	.	.
IA13	1	101	81	1777
IA13	1	102	73	1611
IA13	1	103	93	2107
IA13	1	104	86	1923
IA13	1	105	85	1890.5
IA13	1	106	87	1954.5
IA13	1	107	90	2048
IA13	1	108	84	1859
IA13	1	109	82	1802
IA13	1	110	81	1777
IA13	1	111	89	2017.5
IA13	1	112	82	1802
IA13	1	113	73	1611
IA13	1	114	80	1748
IA13	1	115	95	2158
IA13	1	116	88	1985.5
IA13	1	117	78	1693.5
IA13	1	118	70	1555
IA13	1	119	86	1923
IA13	1	120	90	2048
IA13	1	121	78	1693.5
IA13	1	122	76	1656
IA13	1	123	84	1859
IA13	1	124	.	.
IA13	1	125	.	.
IA13	1	126	70	1555
IA13	1	127	88	1985.5
IA13	1	128	87	1954.5
IA13	1	129	87	1954.5
IA13	1	130	85	1890.5
IA13	1	131	80	1748
IA13	1	132	78	1693.5
IA13	1	133	87	1954.5
IA13	1	134	79	1719.5
IA13	1	135	84	1859
IA13	1	136	88	1985.5
IA13	1	137	83	1829.5
IA13	1	138	76	1656
IA13	1	139	77	1673.5
IA13	1	140	82	1802
IA13	1	141	81	1777
IA13	1	142	77	1673.5
IA13	1	143	81	1777
IA13	1	144	80	1748
IA13	1	145	82	1802
IA13	1	146	82	1802
IA13	1	147	85	1890.5
IA13	1	148	83	1829.5
IA13	1	149	77	1673.5
IA13	1	150	93	2107
IA13	1	151	79	1719.5
IA13	1	152	97	2212
IA13	1	153	93	2107
IA13	1	154	90	2048
IA13	1	156	84	1859
IA13	1	157	79	1719.5
IA13	1	158	.	.
IA13	1	159	94	2130.5
IA13	1	160	86	1923
IA13	1	162	69	1533.5
IA13	1	163	82	1802
IA13	1	164	90	2048
IA13	1	165	84	1859
IA13	1	166	79	1719.5
IA13	1	167	84	1859
IA13	1	168	.	.
IA13	1	169	.	.
IA13	1	170	86	1923
IA13	1	171	79	1719.5
IA13	1	172	81	1777
IA13	1	173	89	2017.5
IA13	1	174	81	1777
IA13	1	175	97	2212
IA13	1	176	81	1777
IA13	1	177	90	2048
IA13	1	178	77	1673.5
IA13	1	179	76	1656
IA13	1	180	90	2048
IA13	1	181	80	1748
IA13	1	182	78	1693.5
IA13	1	183	78	1693.5
IA13	1	184	72	1597.5
IA13	1	185	81	1777
IA13	1	186	85	1890.5
IA13	1	187	86	1923
IA13	1	188	81	1777
IA13	1	189	85	1890.5
IA13	1	190	85	1890.5
IA13	1	191	90	2048
IA13	1	192	85	1890.5
IA13	1	193	84	1859
IA13	1	194	84	1859
IA13	1	195	83	1829.5
IA13	1	196	82	1802
IA13	1	197	81	1777
IA13	1	198	86	1923
IA13	1	199	84	1859
IA13	1	200	69	1533.5
IA13	1	201	87	1954.5
IA13	1	202	99	2269
IA13	1	203	79	1719.5
IA13	1	204	84	1859
IA13	1	205	84	1859
IA13	1	206	78	1693.5
IA13	1	207	70	1555
IA13	1	208	77	1673.5
IA13	1	209	79	1719.5
IA13	1	210	.	.
IA13	1	211	93	2107
IA13	1	212	77	1673.5
IA13	1	213	77	1673.5
IA13	1	214	84	1859
IA13	1	215	89	2017.5
IA13	1	217	.	.
IA13	1	218	84	1859
IA13	1	219	82	1802
IA13	1	220	89	2017.5
IA13	1	221	89	2017.5
IA13	1	222	77	1673.5
IA13	1	223	.	.
IA13	1	224	81	1777
IA13	1	225	82	1802
IA13	1	226	84	1859
IA13	1	227	78	1693.5
IA13	1	229	91	2076.5
IA13	1	230	77	1673.5
IA13	1	231	95	2158
IA13	1	232	98	2238
IA13	1	233	78	1693.5
IA13	1	234	77	1673.5
IA13	1	235	82	1802
IA13	1	237	81	1777
IA13	1	238	84	1859
IA13	1	239	89	2017.5
IA13	1	240	86	1923
IA13	1	241	86	1923
IA13	1	242	86	1923
IA13	1	243	86	1923
IA13	1	244	88	1985.5
IA13	1	245	80	1748
IA13	1	246	92	2092.5
IA13	1	247	84	1859
IA13	1	248	.	.
IA13	2	5	83	1829.5
IA13	2	6	86	1923
IA13	2	7	90	2048
IA13	2	8	86	1923
IA13	2	9	85	1890.5
IA13	2	10	90	2048
IA13	2	11	83	1829.5
IA13	2	12	97	2212
IA13	2	13	.	.
IA13	2	14	84	1859
IA13	2	15	85	1890.5
IA13	2	16	.	.
IA13	2	17	98	2238
IA13	2	18	70	1555
IA13	2	19	86	1923
IA13	2	20	82	1802
IA13	2	21	67	1494.5
IA13	2	22	.	.
IA13	2	23	.	.
IA13	2	24	81	1777
IA13	2	25	77	1673.5
IA13	2	27	71	1579
IA13	2	28	87	1954.5
IA13	2	29	76	1656
IA13	2	30	73	1611
IA13	2	31	.	.
IA13	2	32	81	1777
IA13	2	33	78	1693.5
IA13	2	34	85	1890.5
IA13	2	35	78	1693.5
IA13	2	36	90	2048
IA13	2	37	77	1673.5
IA13	2	38	82	1802
IA13	2	39	65	1452
IA13	2	40	70	1555
IA13	2	41	85	1890.5
IA13	2	42	79	1719.5
IA13	2	43	84	1859
IA13	2	44	82	1802
IA13	2	45	67	1494.5
IA13	2	46	88	1985.5
IA13	2	47	81	1777
IA13	2	48	69	1533.5
IA13	2	49	75	1639.5
IA13	2	50	86	1923
IA13	2	51	82	1802
IA13	2	52	91	2076.5
IA13	2	53	77	1673.5
IA13	2	54	83	1829.5
IA13	2	55	78	1693.5
IA13	2	56	83	1829.5
IA13	2	57	72	1597.5
IA13	2	58	86	1923
IA13	2	59	78	1693.5
IA13	2	60	81	1777
IA13	2	61	81	1777
IA13	2	62	73	1611
IA13	2	63	80	1748
IA13	2	64	81	1777
IA13	2	65	82	1802
IA13	2	66	90	2048
IA13	2	68	79	1719.5
IA13	2	69	.	.
IA13	2	70	78	1693.5
IA13	2	71	78	1693.5
IA13	2	72	82	1802
IA13	2	73	85	1890.5
IA13	2	74	93	2107
IA13	2	75	84	1859
IA13	2	76	89	2017.5
IA13	2	77	.	.
IA13	2	78	81	1777
IA13	2	79	81	1777
IA13	2	80	81	1777
IA13	2	81	78	1693.5
IA13	2	82	89	2017.5
IA13	2	83	.	.
IA13	2	84	84	1859
IA13	2	85	80	1748
IA13	2	86	93	2107
IA13	2	87	84	1859
IA13	2	88	86	1923
IA13	2	89	84	1859
IA13	2	90	92	2092.5
IA13	2	91	81	1777
IA13	2	92	96	2184
IA13	2	93	85	1890.5
IA13	2	94	78	1693.5
IA13	2	95	87	1954.5
IA13	2	96	81	1777
IA13	2	97	81	1777
IA13	2	98	77	1673.5
IA13	2	99	88	1985.5
IA13	2	100	83	1829.5
IA13	2	101	84	1859
IA13	2	102	81	1777
IA13	2	103	92	2092.5
IA13	2	104	87	1954.5
IA13	2	105	88	1985.5
IA13	2	106	87	1954.5
IA13	2	107	86	1923
IA13	2	108	82	1802
IA13	2	109	86	1923
IA13	2	110	80	1748
IA13	2	111	89	2017.5
IA13	2	112	80	1748
IA13	2	113	78	1693.5
IA13	2	114	79	1719.5
IA13	2	115	99	2269
IA13	2	116	86	1923
IA13	2	117	75	1639.5
IA13	2	118	74	1626
IA13	2	119	86	1923
IA13	2	120	93	2107
IA13	2	121	75	1639.5
IA13	2	122	73	1611
IA13	2	123	86	1923
IA13	2	124	76	1656
IA13	2	125	83	1829.5
IA13	2	126	67	1494.5
IA13	2	127	91	2076.5
IA13	2	128	87	1954.5
IA13	2	129	.	.
IA13	2	130	85	1890.5
IA13	2	131	82	1802
IA13	2	132	79	1719.5
IA13	2	133	86	1923
IA13	2	134	77	1673.5
IA13	2	135	83	1829.5
IA13	2	136	72	1597.5
IA13	2	137	84	1859
IA13	2	138	81	1777
IA13	2	139	77	1673.5
IA13	2	140	81	1777
IA13	2	141	79	1719.5
IA13	2	142	78	1693.5
IA13	2	143	85	1890.5
IA13	2	144	88	1985.5
IA13	2	145	78	1693.5
IA13	2	146	79	1719.5
IA13	2	147	80	1748
IA13	2	148	72	1597.5
IA13	2	149	79	1719.5
IA13	2	150	90	2048
IA13	2	151	79	1719.5
IA13	2	152	88	1985.5
IA13	2	153	96	2184
IA13	2	154	89	2017.5
IA13	2	156	81	1777
IA13	2	157	79	1719.5
IA13	2	158	.	.
IA13	2	159	95	2158
IA13	2	160	81	1777
IA13	2	162	77	1673.5
IA13	2	163	82	1802
IA13	2	164	87	1954.5
IA13	2	165	83	1829.5
IA13	2	166	79	1719.5
IA13	2	167	80	1748
IA13	2	168	81	1777
IA13	2	169	81	1777
IA13	2	170	86	1923
IA13	2	171	77	1673.5
IA13	2	172	80	1748
IA13	2	173	87	1954.5
IA13	2	174	77	1673.5
IA13	2	175	97	2212
IA13	2	176	79	1719.5
IA13	2	177	91	2076.5
IA13	2	178	78	1693.5
IA13	2	179	77	1673.5
IA13	2	180	90	2048
IA13	2	181	75	1639.5
IA13	2	182	76	1656
IA13	2	183	77	1673.5
IA13	2	184	78	1693.5
IA13	2	185	78	1693.5
IA13	2	186	90	2048
IA13	2	187	85	1890.5
IA13	2	188	83	1829.5
IA13	2	189	83	1829.5
IA13	2	190	88	1985.5
IA13	2	191	89	2017.5
IA13	2	192	84	1859
IA13	2	193	83	1829.5
IA13	2	194	88	1985.5
IA13	2	195	84	1859
IA13	2	196	79	1719.5
IA13	2	197	76	1656
IA13	2	198	89	2017.5
IA13	2	199	85	1890.5
IA13	2	200	67	1494.5
IA13	2	201	85	1890.5
IA13	2	202	99	2269
IA13	2	203	80	1748
IA13	2	204	82	1802
IA13	2	205	86	1923
IA13	2	206	78	1693.5
IA13	2	207	73	1611
IA13	2	208	70	1555
IA13	2	209	75	1639.5
IA13	2	210	88	1985.5
IA13	2	211	89	2017.5
IA13	2	212	66	1477.5
IA13	2	213	72	1597.5
IA13	2	214	80	1748
IA13	2	215	84	1859
IA13	2	217	81	1777
IA13	2	218	85	1890.5
IA13	2	219	77	1673.5
IA13	2	220	84	1859
IA13	2	221	86	1923
IA13	2	222	82	1802
IA13	2	223	76	1656
IA13	2	224	77	1673.5
IA13	2	225	81	1777
IA13	2	226	90	2048
IA13	2	227	82	1802
IA13	2	229	88	1985.5
IA13	2	230	72	1597.5
IA13	2	231	94	2130.5
IA13	2	232	96	2184
IA13	2	233	77	1673.5
IA13	2	234	72	1597.5
IA13	2	235	85	1890.5
IA13	2	237	82	1802
IA13	2	238	85	1890.5
IA13	2	239	88	1985.5
IA13	2	240	82	1802
IA13	2	241	85	1890.5
IA13	2	242	84	1859
IA13	2	243	72	1597.5
IA13	2	244	77	1673.5
IA13	2	245	72	1597.5
IA13	2	246	90	2048
IA13	2	247	82	1802
IA13	2	248	80	1748
IA14	1	5	75	1566
IA14	1	6	75	1566
IA14	1	7	77	1626.5
IA14	1	8	77	1626.5
IA14	1	9	78	1649.5
IA14	1	10	77	1626.5
IA14	1	11	76	1596.5
IA14	1	12	81	1711
IA14	1	13	75	1566
IA14	1	14	74	1538.5
IA14	1	15	70	1434
IA14	1	16	71	1459.5
IA14	1	17	86	1815.5
IA14	1	18	71	1459.5
IA14	1	19	74	1538.5
IA14	1	20	71	1459.5
IA14	1	21	70	1434
IA14	1	22	73	1510.5
IA14	1	23	78	1649.5
IA14	1	24	75	1566
IA14	1	25	75	1566
IA14	1	27	69	1408.5
IA14	1	28	81	1711
IA14	1	29	68	1385.5
IA14	1	30	71	1459.5
IA14	1	31	75	1566
IA14	1	32	74	1538.5
IA14	1	33	73	1510.5
IA14	1	34	74	1538.5
IA14	1	35	75	1566
IA14	1	36	77	1626.5
IA14	1	37	75	1566
IA14	1	38	76	1596.5
IA14	1	39	72	1482.5
IA14	1	40	72	1482.5
IA14	1	41	74	1538.5
IA14	1	42	75	1566
IA14	1	43	69	1408.5
IA14	1	44	78	1649.5
IA14	1	45	73	1510.5
IA14	1	46	73	1510.5
IA14	1	47	73	1510.5
IA14	1	48	70	1434
IA14	1	49	70	1434
IA14	1	50	72	1482.5
IA14	1	51	76	1596.5
IA14	1	52	81	1711
IA14	1	53	65	1324.5
IA14	1	54	74	1538.5
IA14	1	55	74	1538.5
IA14	1	56	77	1626.5
IA14	1	57	73	1510.5
IA14	1	58	76	1596.5
IA14	1	59	71	1459.5
IA14	1	60	67	1364.5
IA14	1	61	69	1408.5
IA14	1	62	74	1538.5
IA14	1	63	68	1385.5
IA14	1	64	66	1343
IA14	1	65	76	1596.5
IA14	1	66	70	1434
IA14	1	68	76	1596.5
IA14	1	69	76	1596.5
IA14	1	70	70	1434
IA14	1	71	70	1434
IA14	1	72	74	1538.5
IA14	1	73	78	1649.5
IA14	1	74	83	1755
IA14	1	75	69	1408.5
IA14	1	76	79	1668.5
IA14	1	77	71	1459.5
IA14	1	78	75	1566
IA14	1	79	74	1538.5
IA14	1	80	69	1408.5
IA14	1	81	73	1510.5
IA14	1	82	74	1538.5
IA14	1	83	71	1459.5
IA14	1	84	70	1434
IA14	1	85	66	1343
IA14	1	86	79	1668.5
IA14	1	87	79	1668.5
IA14	1	88	77	1626.5
IA14	1	89	76	1596.5
IA14	1	90	78	1649.5
IA14	1	91	75	1566
IA14	1	92	81	1711
IA14	1	93	77	1626.5
IA14	1	94	76	1596.5
IA14	1	95	74	1538.5
IA14	1	96	72	1482.5
IA14	1	97	74	1538.5
IA14	1	98	70	1434
IA14	1	99	70	1434
IA14	1	100	77	1626.5
IA14	1	101	75	1566
IA14	1	102	70	1434
IA14	1	103	78	1649.5
IA14	1	104	73	1510.5
IA14	1	105	75	1566
IA14	1	106	78	1649.5
IA14	1	107	80	1687.5
IA14	1	108	75	1566
IA14	1	109	74	1538.5
IA14	1	110	74	1538.5
IA14	1	111	76	1596.5
IA14	1	112	75	1566
IA14	1	113	67	1364.5
IA14	1	114	77	1626.5
IA14	1	115	81	1711
IA14	1	116	74	1538.5
IA14	1	117	79	1668.5
IA14	1	118	74	1538.5
IA14	1	119	74	1538.5
IA14	1	120	82	1732
IA14	1	121	71	1459.5
IA14	1	122	65	1324.5
IA14	1	123	73	1510.5
IA14	1	124	76	1596.5
IA14	1	125	76	1596.5
IA14	1	126	67	1364.5
IA14	1	127	73	1510.5
IA14	1	128	69	1408.5
IA14	1	129	77	1626.5
IA14	1	130	79	1668.5
IA14	1	131	74	1538.5
IA14	1	132	73	1510.5
IA14	1	133	71	1459.5
IA14	1	134	70	1434
IA14	1	135	70	1434
IA14	1	136	74	1538.5
IA14	1	137	67	1364.5
IA14	1	138	73	1510.5
IA14	1	139	74	1538.5
IA14	1	140	75	1566
IA14	1	141	77	1626.5
IA14	1	142	73	1510.5
IA14	1	143	76	1596.5
IA14	1	144	73	1510.5
IA14	1	145	73	1510.5
IA14	1	146	77	1626.5
IA14	1	147	78	1649.5
IA14	1	148	71	1459.5
IA14	1	149	73	1510.5
IA14	1	150	77	1626.5
IA14	1	151	75	1566
IA14	1	152	84	1778
IA14	1	153	80	1687.5
IA14	1	154	70	1434
IA14	1	156	69	1408.5
IA14	1	157	73	1510.5
IA14	1	158	76	1596.5
IA14	1	159	86	1815.5
IA14	1	160	75	1566
IA14	1	162	75	1566
IA14	1	163	74	1538.5
IA14	1	164	77	1626.5
IA14	1	165	76	1596.5
IA14	1	166	76	1596.5
IA14	1	167	74	1538.5
IA14	1	168	75	1566
IA14	1	169	75	1566
IA14	1	170	77	1626.5
IA14	1	171	74	1538.5
IA14	1	172	74	1538.5
IA14	1	173	75	1566
IA14	1	174	74	1538.5
IA14	1	175	85	1795.5
IA14	1	176	76	1596.5
IA14	1	177	76	1596.5
IA14	1	178	74	1538.5
IA14	1	179	71	1459.5
IA14	1	180	73	1510.5
IA14	1	181	76	1596.5
IA14	1	182	74	1538.5
IA14	1	183	72	1482.5
IA14	1	184	73	1510.5
IA14	1	185	73	1510.5
IA14	1	186	77	1626.5
IA14	1	187	75	1566
IA14	1	188	76	1596.5
IA14	1	189	73	1510.5
IA14	1	190	74	1538.5
IA14	1	191	80	1687.5
IA14	1	192	75	1566
IA14	1	193	77	1626.5
IA14	1	194	76	1596.5
IA14	1	195	75	1566
IA14	1	196	74	1538.5
IA14	1	197	73	1510.5
IA14	1	198	77	1626.5
IA14	1	199	77	1626.5
IA14	1	200	69	1408.5
IA14	1	201	75	1566
IA14	1	202	81	1711
IA14	1	203	74	1538.5
IA14	1	204	75	1566
IA14	1	205	76	1596.5
IA14	1	206	75	1566
IA14	1	207	72	1482.5
IA14	1	208	73	1510.5
IA14	1	209	71	1459.5
IA14	1	210	78	1649.5
IA14	1	211	69	1408.5
IA14	1	212	69	1408.5
IA14	1	213	71	1459.5
IA14	1	214	77	1626.5
IA14	1	215	77	1626.5
IA14	1	217	71	1459.5
IA14	1	218	75	1566
IA14	1	219	74	1538.5
IA14	1	220	79	1668.5
IA14	1	221	67	1364.5
IA14	1	222	65	1324.5
IA14	1	223	72	1482.5
IA14	1	224	72	1482.5
IA14	1	225	75	1566
IA14	1	226	78	1649.5
IA14	1	227	72	1482.5
IA14	1	229	78	1649.5
IA14	1	230	71	1459.5
IA14	1	231	86	1815.5
IA14	1	232	80	1687.5
IA14	1	233	73	1510.5
IA14	1	234	74	1538.5
IA14	1	235	74	1538.5
IA14	1	237	70	1434
IA14	1	238	77	1626.5
IA14	1	239	76	1596.5
IA14	1	240	76	1596.5
IA14	1	241	75	1566
IA14	1	242	74	1538.5
IA14	1	243	70	1434
IA14	1	244	73	1510.5
IA14	1	245	73	1510.5
IA14	1	246	77	1626.5
IA14	1	247	74	1538.5
IA14	1	248	74	1538.5
IA14	2	5	77	1626.5
IA14	2	6	76	1596.5
IA14	2	7	78	1649.5
IA14	2	8	79	1668.5
IA14	2	9	79	1668.5
IA14	2	10	78	1649.5
IA14	2	11	76	1596.5
IA14	2	12	81	1711
IA14	2	13	75	1566
IA14	2	14	77	1626.5
IA14	2	15	71	1459.5
IA14	2	16	74	1538.5
IA14	2	17	84	1778
IA14	2	18	70	1434
IA14	2	19	79	1668.5
IA14	2	20	71	1459.5
IA14	2	21	73	1510.5
IA14	2	22	75	1566
IA14	2	23	78	1649.5
IA14	2	24	77	1626.5
IA14	2	25	74	1538.5
IA14	2	27	70	1434
IA14	2	28	.	.
IA14	2	29	67	1364.5
IA14	2	30	71	1459.5
IA14	2	31	75	1566
IA14	2	32	75	1566
IA14	2	33	74	1538.5
IA14	2	34	73	1510.5
IA14	2	35	76	1596.5
IA14	2	36	79	1668.5
IA14	2	37	71	1459.5
IA14	2	38	77	1626.5
IA14	2	39	71	1459.5
IA14	2	40	73	1510.5
IA14	2	41	75	1566
IA14	2	42	75	1566
IA14	2	43	70	1434
IA14	2	44	76	1596.5
IA14	2	45	72	1482.5
IA14	2	46	73	1510.5
IA14	2	47	76	1596.5
IA14	2	48	73	1510.5
IA14	2	49	70	1434
IA14	2	50	74	1538.5
IA14	2	51	76	1596.5
IA14	2	52	81	1711
IA14	2	53	68	1385.5
IA14	2	54	77	1626.5
IA14	2	55	75	1566
IA14	2	56	78	1649.5
IA14	2	57	70	1434
IA14	2	58	78	1649.5
IA14	2	59	73	1510.5
IA14	2	60	67	1364.5
IA14	2	61	68	1385.5
IA14	2	62	74	1538.5
IA14	2	63	68	1385.5
IA14	2	64	65	1324.5
IA14	2	65	75	1566
IA14	2	66	72	1482.5
IA14	2	68	77	1626.5
IA14	2	69	79	1668.5
IA14	2	70	71	1459.5
IA14	2	71	73	1510.5
IA14	2	72	.	.
IA14	2	73	79	1668.5
IA14	2	74	83	1755
IA14	2	75	69	1408.5
IA14	2	76	80	1687.5
IA14	2	77	73	1510.5
IA14	2	78	74	1538.5
IA14	2	79	74	1538.5
IA14	2	80	69	1408.5
IA14	2	81	74	1538.5
IA14	2	82	75	1566
IA14	2	83	71	1459.5
IA14	2	84	69	1408.5
IA14	2	85	69	1408.5
IA14	2	86	79	1668.5
IA14	2	87	79	1668.5
IA14	2	88	78	1649.5
IA14	2	89	78	1649.5
IA14	2	90	79	1668.5
IA14	2	91	73	1510.5
IA14	2	92	83	1755
IA14	2	93	78	1649.5
IA14	2	94	78	1649.5
IA14	2	95	74	1538.5
IA14	2	96	71	1459.5
IA14	2	97	74	1538.5
IA14	2	98	73	1510.5
IA14	2	99	70	1434
IA14	2	100	78	1649.5
IA14	2	101	76	1596.5
IA14	2	102	70	1434
IA14	2	103	78	1649.5
IA14	2	104	74	1538.5
IA14	2	105	76	1596.5
IA14	2	106	79	1668.5
IA14	2	107	80	1687.5
IA14	2	108	77	1626.5
IA14	2	109	73	1510.5
IA14	2	110	74	1538.5
IA14	2	111	75	1566
IA14	2	112	74	1538.5
IA14	2	113	67	1364.5
IA14	2	114	76	1596.5
IA14	2	115	84	1778
IA14	2	116	73	1510.5
IA14	2	117	78	1649.5
IA14	2	118	73	1510.5
IA14	2	119	74	1538.5
IA14	2	120	81	1711
IA14	2	121	72	1482.5
IA14	2	122	66	1343
IA14	2	123	74	1538.5
IA14	2	124	76	1596.5
IA14	2	125	76	1596.5
IA14	2	126	67	1364.5
IA14	2	127	72	1482.5
IA14	2	128	68	1385.5
IA14	2	129	74	1538.5
IA14	2	130	78	1649.5
IA14	2	131	74	1538.5
IA14	2	132	74	1538.5
IA14	2	133	72	1482.5
IA14	2	134	73	1510.5
IA14	2	135	69	1408.5
IA14	2	136	74	1538.5
IA14	2	137	70	1434
IA14	2	138	75	1566
IA14	2	139	73	1510.5
IA14	2	140	75	1566
IA14	2	141	78	1649.5
IA14	2	142	75	1566
IA14	2	143	78	1649.5
IA14	2	144	74	1538.5
IA14	2	145	73	1510.5
IA14	2	146	77	1626.5
IA14	2	147	79	1668.5
IA14	2	148	71	1459.5
IA14	2	149	70	1434
IA14	2	150	76	1596.5
IA14	2	151	73	1510.5
IA14	2	152	83	1755
IA14	2	153	79	1668.5
IA14	2	154	74	1538.5
IA14	2	156	69	1408.5
IA14	2	157	75	1566
IA14	2	158	76	1596.5
IA14	2	159	90	1892.5
IA14	2	160	76	1596.5
IA14	2	162	77	1626.5
IA14	2	163	73	1510.5
IA14	2	164	76	1596.5
IA14	2	165	76	1596.5
IA14	2	166	76	1596.5
IA14	2	167	76	1596.5
IA14	2	168	77	1626.5
IA14	2	169	74	1538.5
IA14	2	170	76	1596.5
IA14	2	171	74	1538.5
IA14	2	172	76	1596.5
IA14	2	173	72	1482.5
IA14	2	174	73	1510.5
IA14	2	175	83	1755
IA14	2	176	76	1596.5
IA14	2	177	75	1566
IA14	2	178	74	1538.5
IA14	2	179	72	1482.5
IA14	2	180	73	1510.5
IA14	2	181	76	1596.5
IA14	2	182	73	1510.5
IA14	2	183	70	1434
IA14	2	184	73	1510.5
IA14	2	185	73	1510.5
IA14	2	186	75	1566
IA14	2	187	74	1538.5
IA14	2	188	75	1566
IA14	2	189	72	1482.5
IA14	2	190	74	1538.5
IA14	2	191	80	1687.5
IA14	2	192	75	1566
IA14	2	193	77	1626.5
IA14	2	194	77	1626.5
IA14	2	195	75	1566
IA14	2	196	74	1538.5
IA14	2	197	73	1510.5
IA14	2	198	77	1626.5
IA14	2	199	78	1649.5
IA14	2	200	69	1408.5
IA14	2	201	74	1538.5
IA14	2	202	86	1815.5
IA14	2	203	73	1510.5
IA14	2	204	75	1566
IA14	2	205	76	1596.5
IA14	2	206	73	1510.5
IA14	2	207	71	1459.5
IA14	2	208	70	1434
IA14	2	209	71	1459.5
IA14	2	210	78	1649.5
IA14	2	211	70	1434
IA14	2	212	70	1434
IA14	2	213	74	1538.5
IA14	2	214	77	1626.5
IA14	2	215	78	1649.5
IA14	2	217	73	1510.5
IA14	2	218	77	1626.5
IA14	2	219	75	1566
IA14	2	220	79	1668.5
IA14	2	221	68	1385.5
IA14	2	222	66	1343
IA14	2	223	71	1459.5
IA14	2	224	72	1482.5
IA14	2	225	76	1596.5
IA14	2	226	78	1649.5
IA14	2	227	72	1482.5
IA14	2	229	79	1668.5
IA14	2	230	70	1434
IA14	2	231	87	1846
IA14	2	232	79	1668.5
IA14	2	233	72	1482.5
IA14	2	234	74	1538.5
IA14	2	235	75	1566
IA14	2	237	71	1459.5
IA14	2	238	78	1649.5
IA14	2	239	75	1566
IA14	2	240	76	1596.5
IA14	2	241	75	1566
IA14	2	242	69	1408.5
IA14	2	243	68	1385.5
IA14	2	244	73	1510.5
IA14	2	245	69	1408.5
IA14	2	246	78	1649.5
IA14	2	247	74	1538.5
IA14	2	248	73	1510.5
KS11	1	5	75	2358.15
KS11	1	6	75	2358.15
KS11	1	7	107	3087.45
KS11	1	8	99	2987.3
KS11	1	9	72	2269.85
KS11	1	10	.	.
KS11	1	11	80	2514.65
KS11	1	12	120	3293.25
KS11	1	13	74	2328.75
KS11	1	14	62	1994.15
KS11	1	15	67	2123.5
KS11	1	16	61	1965.05
KS11	1	17	129	3450.75
KS11	1	18	56	1798.95
KS11	1	19	129	3450.75
KS11	1	20	92	2849.4
KS11	1	21	70	2204.75
KS11	1	22	122	3344.15
KS11	1	23	81	2545.7
KS11	1	24	.	.
KS11	1	25	63	2022.65
KS11	1	27	61	1965.05
KS11	1	28	113	3171.3
KS11	1	29	54	1725.45
KS11	1	30	61	1965.05
KS11	1	31	108	3099.4
KS11	1	32	72	2269.85
KS11	1	33	58	1868.25
KS11	1	34	109	3111.9
KS11	1	35	72	2269.85
KS11	1	36	.	.
KS11	1	37	72	2269.85
KS11	1	38	74	2328.75
KS11	1	39	57	1836.95
KS11	1	40	64	2047.65
KS11	1	41	72	2269.85
KS11	1	42	66	2097.05
KS11	1	43	95	2900.75
KS11	1	44	73	2299.25
KS11	1	45	56	1798.95
KS11	1	46	92	2849.4
KS11	1	47	71	2236.25
KS11	1	48	67	2123.5
KS11	1	49	61	1965.05
KS11	1	50	107	3087.45
KS11	1	51	75	2358.15
KS11	1	52	81	2545.7
KS11	1	53	81	2545.7
KS11	1	54	109	3111.9
KS11	1	55	60	1932.55
KS11	1	56	72	2269.85
KS11	1	57	70	2204.75
KS11	1	58	71	2236.25
KS11	1	59	57	1836.95
KS11	1	60	97	2947.3
KS11	1	61	106	3073.95
KS11	1	62	70	2204.75
KS11	1	63	88	2787.45
KS11	1	64	77	2429.15
KS11	1	65	76	2393.6
KS11	1	66	61	1965.05
KS11	1	68	64	2047.65
KS11	1	69	124	3384.65
KS11	1	70	62	1994.15
KS11	1	71	63	2022.65
KS11	1	72	72	2269.85
KS11	1	73	76	2393.6
KS11	1	74	129	3450.75
KS11	1	75	97	2947.3
KS11	1	76	102	3007.45
KS11	1	77	87	2749.9
KS11	1	78	67	2123.5
KS11	1	79	74	2328.75
KS11	1	80	104	3041.05
KS11	1	81	81	2545.7
KS11	1	82	75	2358.15
KS11	1	83	60	1932.55
KS11	1	84	61	1965.05
KS11	1	85	.	.
KS11	1	86	77	2429.15
KS11	1	87	80	2514.65
KS11	1	88	76	2393.6
KS11	1	89	.	.
KS11	1	90	114	3187.3
KS11	1	91	74	2328.75
KS11	1	92	77	2429.15
KS11	1	93	76	2393.6
KS11	1	94	76	2393.6
KS11	1	95	.	.
KS11	1	96	73	2299.25
KS11	1	97	77	2429.15
KS11	1	98	74	2328.75
KS11	1	99	108	3099.4
KS11	1	100	75	2358.15
KS11	1	101	89	2806.45
KS11	1	102	82	2577.75
KS11	1	103	129	3450.75
KS11	1	104	131	3477.3
KS11	1	105	73	2299.25
KS11	1	106	92	2849.4
KS11	1	107	84	2638
KS11	1	108	74	2328.75
KS11	1	109	90	2819.4
KS11	1	110	69	2171.75
KS11	1	111	122	3344.15
KS11	1	112	73	2299.25
KS11	1	113	72	2269.85
KS11	1	114	71	2236.25
KS11	1	115	96	2921.3
KS11	1	116	125	3398.25
KS11	1	117	73	2299.25
KS11	1	118	60	1932.55
KS11	1	119	122	3344.15
KS11	1	120	127	3427.8
KS11	1	121	68	2146
KS11	1	122	97	2947.3
KS11	1	123	80	2514.65
KS11	1	124	59	1898.65
KS11	1	125	75	2358.15
KS11	1	126	59	1898.65
KS11	1	127	123	3365.65
KS11	1	128	118	3246.8
KS11	1	129	74	2328.75
KS11	1	130	74	2328.75
KS11	1	131	68	2146
KS11	1	132	64	2047.65
KS11	1	133	121	3317.7
KS11	1	134	62	1994.15
KS11	1	135	61	1965.05
KS11	1	136	69	2171.75
KS11	1	137	98	2972.8
KS11	1	138	68	2146
KS11	1	139	62	1994.15
KS11	1	140	72	2269.85
KS11	1	141	62	1994.15
KS11	1	142	66	2097.05
KS11	1	143	72	2269.85
KS11	1	144	66	2097.05
KS11	1	145	68	2146
KS11	1	146	72	2269.85
KS11	1	147	69	2171.75
KS11	1	148	63	2022.65
KS11	1	149	60	1932.55
KS11	1	150	97	2947.3
KS11	1	151	65	2072.15
KS11	1	152	84	2638
KS11	1	153	108	3099.4
KS11	1	154	82	2577.75
KS11	1	156	79	2485.65
KS11	1	157	96	2921.3
KS11	1	158	59	1898.65
KS11	1	159	69	2171.75
KS11	1	160	69	2171.75
KS11	1	162	63	2022.65
KS11	1	163	72	2269.85
KS11	1	164	81	2545.7
KS11	1	165	77	2429.15
KS11	1	166	70	2204.75
KS11	1	167	72	2269.85
KS11	1	168	60	1932.55
KS11	1	169	71	2236.25
KS11	1	170	71	2236.25
KS11	1	171	68	2146
KS11	1	172	59	1898.65
KS11	1	173	118	3246.8
KS11	1	174	71	2236.25
KS11	1	175	129	3450.75
KS11	1	176	72	2269.85
KS11	1	177	113	3171.3
KS11	1	178	63	2022.65
KS11	1	179	59	1898.65
KS11	1	180	98	2972.8
KS11	1	181	61	1965.05
KS11	1	182	60	1932.55
KS11	1	183	59	1898.65
KS11	1	184	58	1868.25
KS11	1	185	61	1965.05
KS11	1	186	120	3293.25
KS11	1	187	75	2358.15
KS11	1	188	68	2146
KS11	1	189	68	2146
KS11	1	190	64	2047.65
KS11	1	191	123	3365.65
KS11	1	192	72	2269.85
KS11	1	193	61	1965.05
KS11	1	194	73	2299.25
KS11	1	195	65	2072.15
KS11	1	196	59	1898.65
KS11	1	197	61	1965.05
KS11	1	198	77	2429.15
KS11	1	199	72	2269.85
KS11	1	200	54	1725.45
KS11	1	201	94	2881.35
KS11	1	202	120	3293.25
KS11	1	203	60	1932.55
KS11	1	204	77	2429.15
KS11	1	205	73	2299.25
KS11	1	206	61	1965.05
KS11	1	207	56	1798.95
KS11	1	208	55	1762.95
KS11	1	209	63	2022.65
KS11	1	210	76	2393.6
KS11	1	211	80	2514.65
KS11	1	212	54	1725.45
KS11	1	213	55	1762.95
KS11	1	214	63	2022.65
KS11	1	215	72	2269.85
KS11	1	217	62	1994.15
KS11	1	218	92	2849.4
KS11	1	219	78	2462.15
KS11	1	220	71	2236.25
KS11	1	221	76	2393.6
KS11	1	222	76	2393.6
KS11	1	223	60	1932.55
KS11	1	224	61	1965.05
KS11	1	225	70	2204.75
KS11	1	226	68	2146
KS11	1	227	63	2022.65
KS11	1	229	91	2833.9
KS11	1	230	49	1543.8
KS11	1	231	112	3151.3
KS11	1	232	72	2269.85
KS11	1	233	58	1868.25
KS11	1	234	56	1798.95
KS11	1	235	58	1868.25
KS11	1	237	81	2545.7
KS11	1	238	70	2204.75
KS11	1	239	97	2947.3
KS11	1	240	65	2072.15
KS11	1	241	77	2429.15
KS11	1	242	81	2545.7
KS11	1	243	57	1836.95
KS11	1	244	59	1898.65
KS11	1	245	56	1798.95
KS11	1	246	114	3187.3
KS11	1	247	70	2204.75
KS11	1	248	61	1965.05
KS11	2	5	70	2204.75
KS11	2	6	74	2328.75
KS11	2	7	87	2749.9
KS11	2	8	70	2204.75
KS11	2	9	62	1994.15
KS11	2	10	94	2881.35
KS11	2	11	63	2022.65
KS11	2	12	95	2900.75
KS11	2	13	61	1965.05
KS11	2	14	56	1798.95
KS11	2	15	59	1898.65
KS11	2	16	52	1654.35
KS11	2	17	119	3274.25
KS11	2	18	56	1798.95
KS11	2	19	115	3199.25
KS11	2	20	79	2485.65
KS11	2	21	56	1798.95
KS11	2	22	110	3121.9
KS11	2	23	69	2171.75
KS11	2	24	69	2171.75
KS11	2	25	56	1798.95
KS11	2	27	56	1798.95
KS11	2	28	118	3246.8
KS11	2	29	50	1585.8
KS11	2	30	56	1798.95
KS11	2	31	92	2849.4
KS11	2	32	68	2146
KS11	2	33	55	1762.95
KS11	2	34	82	2577.75
KS11	2	35	61	1965.05
KS11	2	36	88	2787.45
KS11	2	37	59	1898.65
KS11	2	38	64	2047.65
KS11	2	39	50	1585.8
KS11	2	40	59	1898.65
KS11	2	41	57	1836.95
KS11	2	42	55	1762.95
KS11	2	43	79	2485.65
KS11	2	44	63	2022.65
KS11	2	45	58	1868.25
KS11	2	46	78	2462.15
KS11	2	47	57	1836.95
KS11	2	48	57	1836.95
KS11	2	49	54	1725.45
KS11	2	50	84	2638
KS11	2	51	64	2047.65
KS11	2	52	65	2072.15
KS11	2	53	74	2328.75
KS11	2	54	90	2819.4
KS11	2	55	55	1762.95
KS11	2	56	63	2022.65
KS11	2	57	54	1725.45
KS11	2	58	60	1932.55
KS11	2	59	51	1623.3
KS11	2	60	81	2545.7
KS11	2	61	83	2605.25
KS11	2	62	61	1965.05
KS11	2	63	77	2429.15
KS11	2	64	70	2204.75
KS11	2	65	63	2022.65
KS11	2	66	54	1725.45
KS11	2	68	56	1798.95
KS11	2	69	92	2849.4
KS11	2	70	53	1687.95
KS11	2	71	55	1762.95
KS11	2	72	62	1994.15
KS11	2	73	70	2204.75
KS11	2	74	109	3111.9
KS11	2	75	90	2819.4
KS11	2	76	78	2462.15
KS11	2	77	74	2328.75
KS11	2	78	60	1932.55
KS11	2	79	60	1932.55
KS11	2	80	77	2429.15
KS11	2	81	70	2204.75
KS11	2	82	64	2047.65
KS11	2	83	58	1868.25
KS11	2	84	57	1836.95
KS11	2	85	79	2485.65
KS11	2	86	73	2299.25
KS11	2	87	73	2299.25
KS11	2	88	70	2204.75
KS11	2	89	88	2787.45
KS11	2	90	90	2819.4
KS11	2	91	64	2047.65
KS11	2	92	67	2123.5
KS11	2	93	66	2097.05
KS11	2	94	78	2462.15
KS11	2	95	104	3041.05
KS11	2	96	62	1994.15
KS11	2	97	66	2097.05
KS11	2	98	61	1965.05
KS11	2	99	83	2605.25
KS11	2	100	60	1932.55
KS11	2	101	72	2269.85
KS11	2	102	62	1994.15
KS11	2	103	119	3274.25
KS11	2	104	95	2900.75
KS11	2	105	61	1965.05
KS11	2	106	72	2269.85
KS11	2	107	75	2358.15
KS11	2	108	62	1994.15
KS11	2	109	77	2429.15
KS11	2	110	56	1798.95
KS11	2	111	106	3073.95
KS11	2	112	60	1932.55
KS11	2	113	54	1725.45
KS11	2	114	57	1836.95
KS11	2	115	74	2328.75
KS11	2	116	107	3087.45
KS11	2	117	59	1898.65
KS11	2	118	48	1508.3
KS11	2	119	92	2849.4
KS11	2	120	117	3228.25
KS11	2	121	53	1687.95
KS11	2	122	78	2462.15
KS11	2	123	70	2204.75
KS11	2	124	52	1654.35
KS11	2	125	63	2022.65
KS11	2	126	54	1725.45
KS11	2	127	95	2900.75
KS11	2	128	83	2605.25
KS11	2	129	60	1932.55
KS11	2	130	66	2097.05
KS11	2	131	60	1932.55
KS11	2	132	59	1898.65
KS11	2	133	87	2749.9
KS11	2	134	54	1725.45
KS11	2	135	58	1868.25
KS11	2	136	59	1898.65
KS11	2	137	84	2638
KS11	2	138	61	1965.05
KS11	2	139	56	1798.95
KS11	2	140	64	2047.65
KS11	2	141	61	1965.05
KS11	2	142	60	1932.55
KS11	2	143	71	2236.25
KS11	2	144	57	1836.95
KS11	2	145	59	1898.65
KS11	2	146	62	1994.15
KS11	2	147	57	1836.95
KS11	2	148	55	1762.95
KS11	2	149	54	1725.45
KS11	2	150	94	2881.35
KS11	2	151	57	1836.95
KS11	2	152	73	2299.25
KS11	2	153	94	2881.35
KS11	2	154	84	2638
KS11	2	156	72	2269.85
KS11	2	157	89	2806.45
KS11	2	158	56	1798.95
KS11	2	159	117	3228.25
KS11	2	160	61	1965.05
KS11	2	162	50	1585.8
KS11	2	163	51	1623.3
KS11	2	164	70	2204.75
KS11	2	165	69	2171.75
KS11	2	166	62	1994.15
KS11	2	167	62	1994.15
KS11	2	168	54	1725.45
KS11	2	169	60	1932.55
KS11	2	170	64	2047.65
KS11	2	171	61	1965.05
KS11	2	172	55	1762.95
KS11	2	173	93	2863.9
KS11	2	174	62	1994.15
KS11	2	175	118	3246.8
KS11	2	176	64	2047.65
KS11	2	177	95	2900.75
KS11	2	178	55	1762.95
KS11	2	179	55	1762.95
KS11	2	180	91	2833.9
KS11	2	181	54	1725.45
KS11	2	182	51	1623.3
KS11	2	183	55	1762.95
KS11	2	184	51	1623.3
KS11	2	185	59	1898.65
KS11	2	186	95	2900.75
KS11	2	187	74	2328.75
KS11	2	188	60	1932.55
KS11	2	189	58	1868.25
KS11	2	190	60	1932.55
KS11	2	191	109	3111.9
KS11	2	192	64	2047.65
KS11	2	193	56	1798.95
KS11	2	194	66	2097.05
KS11	2	195	59	1898.65
KS11	2	196	52	1654.35
KS11	2	197	59	1898.65
KS11	2	198	73	2299.25
KS11	2	199	71	2236.25
KS11	2	200	48	1508.3
KS11	2	201	85	2671.45
KS11	2	202	109	3111.9
KS11	2	203	55	1762.95
KS11	2	204	70	2204.75
KS11	2	205	63	2022.65
KS11	2	206	61	1965.05
KS11	2	207	59	1898.65
KS11	2	208	53	1687.95
KS11	2	209	56	1798.95
KS11	2	210	75	2358.15
KS11	2	211	77	2429.15
KS11	2	212	50	1585.8
KS11	2	213	48	1508.3
KS11	2	214	61	1965.05
KS11	2	215	65	2072.15
KS11	2	217	55	1762.95
KS11	2	218	81	2545.7
KS11	2	219	70	2204.75
KS11	2	220	65	2072.15
KS11	2	221	73	2299.25
KS11	2	222	71	2236.25
KS11	2	223	60	1932.55
KS11	2	224	57	1836.95
KS11	2	225	62	1994.15
KS11	2	226	61	1965.05
KS11	2	227	62	1994.15
KS11	2	229	77	2429.15
KS11	2	230	47	1476.8
KS11	2	231	100	2994.3
KS11	2	232	91	2833.9
KS11	2	233	55	1762.95
KS11	2	234	52	1654.35
KS11	2	235	100	2994.3
KS11	2	237	77	2429.15
KS11	2	238	65	2072.15
KS11	2	239	92	2849.4
KS11	2	240	61	1965.05
KS11	2	241	81	2545.7
KS11	2	242	79	2485.65
KS11	2	243	60	1932.55
KS11	2	244	56	1798.95
KS11	2	245	54	1725.45
KS11	2	246	100	2994.3
KS11	2	247	60	1932.55
KS11	2	248	57	1836.95
KS12	1	5	80	2482.15
KS12	1	6	78	2432.6
KS12	1	7	105	3050.85
KS12	1	8	84	2586.1
KS12	1	9	66	2144.35
KS12	1	10	104	3029.9
KS12	1	11	74	2330.9
KS12	1	12	104	3029.9
KS12	1	13	75	2350.9
KS12	1	14	80	2482.15
KS12	1	15	76	2375.4
KS12	1	16	60	1975.45
KS12	1	17	130	3347.8
KS12	1	18	61	2003.4
KS12	1	19	122	3260.3
KS12	1	20	89	2733.75
KS12	1	21	57	1883.85
KS12	1	22	116	3201.4
KS12	1	23	78	2432.6
KS12	1	24	76	2375.4
KS12	1	25	57	1883.85
KS12	1	27	75	2350.9
KS12	1	28	99	2966.35
KS12	1	29	61	2003.4
KS12	1	30	62	2036.9
KS12	1	31	99	2966.35
KS12	1	32	79	2459.1
KS12	1	33	66	2144.35
KS12	1	34	101	2988.4
KS12	1	35	76	2375.4
KS12	1	36	97	2922.3
KS12	1	37	67	2173.3
KS12	1	38	70	2245.35
KS12	1	39	61	2003.4
KS12	1	40	61	2003.4
KS12	1	41	69	2218.35
KS12	1	42	61	2003.4
KS12	1	43	96	2896.3
KS12	1	44	74	2330.9
KS12	1	45	55	1818.4
KS12	1	46	91	2794.2
KS12	1	47	70	2245.35
KS12	1	48	71	2275.85
KS12	1	49	54	1782.85
KS12	1	50	90	2766.25
KS12	1	51	68	2198.35
KS12	1	52	75	2350.9
KS12	1	53	87	2670.1
KS12	1	54	108	3092.8
KS12	1	55	61	2003.4
KS12	1	56	70	2245.35
KS12	1	57	60	1975.45
KS12	1	58	73	2311.95
KS12	1	59	58	1918.05
KS12	1	60	86	2642.15
KS12	1	61	91	2794.2
KS12	1	62	72	2292.85
KS12	1	63	89	2733.75
KS12	1	64	81	2508.7
KS12	1	65	70	2245.35
KS12	1	66	101	2988.4
KS12	1	68	62	2036.9
KS12	1	69	99	2966.35
KS12	1	70	63	2068.9
KS12	1	71	62	2036.9
KS12	1	72	79	2459.1
KS12	1	73	89	2733.75
KS12	1	74	122	3260.3
KS12	1	75	95	2877.3
KS12	1	76	95	2877.3
KS12	1	77	85	2616.1
KS12	1	78	70	2245.35
KS12	1	79	75	2350.9
KS12	1	80	84	2586.1
KS12	1	81	76	2375.4
KS12	1	82	76	2375.4
KS12	1	83	65	2122.85
KS12	1	84	74	2330.9
KS12	1	85	84	2586.1
KS12	1	86	82	2534.75
KS12	1	87	84	2586.1
KS12	1	88	81	2508.7
KS12	1	89	98	2949.75
KS12	1	90	98	2949.75
KS12	1	91	76	2375.4
KS12	1	92	76	2375.4
KS12	1	93	74	2330.9
KS12	1	94	74	2330.9
KS12	1	95	105	3050.85
KS12	1	96	70	2245.35
KS12	1	97	73	2311.95
KS12	1	98	63	2068.9
KS12	1	99	92	2821.65
KS12	1	100	68	2198.35
KS12	1	101	87	2670.1
KS12	1	102	76	2375.4
KS12	1	103	140	3502.75
KS12	1	104	96	2896.3
KS12	1	105	75	2350.9
KS12	1	106	89	2733.75
KS12	1	107	89	2733.75
KS12	1	108	68	2198.35
KS12	1	109	86	2642.15
KS12	1	110	68	2198.35
KS12	1	111	113	3164.85
KS12	1	112	67	2173.3
KS12	1	113	60	1975.45
KS12	1	114	70	2245.35
KS12	1	115	101	2988.4
KS12	1	116	130	3347.8
KS12	1	117	61	2003.4
KS12	1	118	55	1818.4
KS12	1	119	109	3103.35
KS12	1	120	140	3502.75
KS12	1	121	64	2100.9
KS12	1	122	93	2847.25
KS12	1	123	89	2733.75
KS12	1	124	62	2036.9
KS12	1	125	74	2330.9
KS12	1	126	57	1883.85
KS12	1	127	140	3502.75
KS12	1	128	99	2966.35
KS12	1	129	70	2245.35
KS12	1	130	81	2508.7
KS12	1	131	79	2459.1
KS12	1	132	62	2036.9
KS12	1	133	102	3005.85
KS12	1	134	64	2100.9
KS12	1	135	61	2003.4
KS12	1	136	66	2144.35
KS12	1	137	91	2794.2
KS12	1	138	63	2068.9
KS12	1	139	63	2068.9
KS12	1	140	67	2173.3
KS12	1	141	68	2198.35
KS12	1	142	64	2100.9
KS12	1	143	67	2173.3
KS12	1	144	62	2036.9
KS12	1	145	67	2173.3
KS12	1	146	70	2245.35
KS12	1	147	60	1975.45
KS12	1	148	61	2003.4
KS12	1	149	57	1883.85
KS12	1	150	119	3243.4
KS12	1	151	62	2036.9
KS12	1	152	97	2922.3
KS12	1	153	104	3029.9
KS12	1	154	91	2794.2
KS12	1	156	81	2508.7
KS12	1	157	60	1975.45
KS12	1	158	66	2144.35
KS12	1	159	111	3135.85
KS12	1	160	71	2275.85
KS12	1	162	61	2003.4
KS12	1	163	70	2245.35
KS12	1	164	90	2766.25
KS12	1	165	89	2733.75
KS12	1	166	65	2122.85
KS12	1	167	72	2292.85
KS12	1	168	63	2068.9
KS12	1	169	76	2375.4
KS12	1	170	99	2966.35
KS12	1	171	73	2311.95
KS12	1	172	60	1975.45
KS12	1	173	99	2966.35
KS12	1	174	66	2144.35
KS12	1	175	130	3347.8
KS12	1	176	76	2375.4
KS12	1	177	108	3092.8
KS12	1	178	64	2100.9
KS12	1	179	60	1975.45
KS12	1	180	99	2966.35
KS12	1	181	60	1975.45
KS12	1	182	56	1852.45
KS12	1	183	60	1975.45
KS12	1	184	58	1918.05
KS12	1	185	64	2100.9
KS12	1	186	101	2988.4
KS12	1	187	80	2482.15
KS12	1	188	62	2036.9
KS12	1	189	68	2198.35
KS12	1	190	62	2036.9
KS12	1	191	110	3117.4
KS12	1	192	69	2218.35
KS12	1	193	67	2173.3
KS12	1	194	76	2375.4
KS12	1	195	66	2144.35
KS12	1	196	56	1852.45
KS12	1	197	66	2144.35
KS12	1	198	90	2766.25
KS12	1	199	71	2275.85
KS12	1	200	55	1818.4
KS12	1	201	104	3029.9
KS12	1	202	140	3502.75
KS12	1	203	74	2330.9
KS12	1	204	76	2375.4
KS12	1	205	74	2330.9
KS12	1	206	70	2245.35
KS12	1	207	61	2003.4
KS12	1	208	61	2003.4
KS12	1	209	72	2292.85
KS12	1	210	91	2794.2
KS12	1	211	90	2766.25
KS12	1	212	55	1818.4
KS12	1	213	51	1673.85
KS12	1	214	70	2245.35
KS12	1	215	93	2847.25
KS12	1	217	63	2068.9
KS12	1	218	95	2877.3
KS12	1	219	76	2375.4
KS12	1	220	74	2330.9
KS12	1	221	104	3029.9
KS12	1	222	91	2794.2
KS12	1	223	70	2245.35
KS12	1	224	70	2245.35
KS12	1	225	79	2459.1
KS12	1	226	80	2482.15
KS12	1	227	71	2275.85
KS12	1	229	74	2330.9
KS12	1	230	60	1975.45
KS12	1	231	105	3050.85
KS12	1	232	101	2988.4
KS12	1	233	56	1852.45
KS12	1	234	57	1883.85
KS12	1	235	68	2198.35
KS12	1	237	94	2863.25
KS12	1	238	76	2375.4
KS12	1	239	108	3092.8
KS12	1	240	70	2245.35
KS12	1	241	106	3065.35
KS12	1	242	94	2863.25
KS12	1	243	67	2173.3
KS12	1	244	62	2036.9
KS12	1	245	60	1975.45
KS12	1	246	118	3227.4
KS12	1	247	78	2432.6
KS12	1	248	58	1918.05
KS12	2	5	79	2459.1
KS12	2	6	77	2400
KS12	2	7	105	3050.85
KS12	2	8	83	2559.65
KS12	2	9	68	2198.35
KS12	2	10	114	3175.4
KS12	2	11	80	2482.15
KS12	2	12	99	2966.35
KS12	2	13	73	2311.95
KS12	2	14	75	2350.9
KS12	2	15	83	2559.65
KS12	2	16	58	1918.05
KS12	2	17	130	3347.8
KS12	2	18	54	1782.85
KS12	2	19	130	3347.8
KS12	2	20	91	2794.2
KS12	2	21	64	2100.9
KS12	2	22	130	3347.8
KS12	2	23	81	2508.7
KS12	2	24	70	2245.35
KS12	2	25	66	2144.35
KS12	2	27	66	2144.35
KS12	2	28	104	3029.9
KS12	2	29	54	1782.85
KS12	2	30	62	2036.9
KS12	2	31	94	2863.25
KS12	2	32	72	2292.85
KS12	2	33	61	2003.4
KS12	2	34	104	3029.9
KS12	2	35	71	2275.85
KS12	2	36	107	3080.85
KS12	2	37	68	2198.35
KS12	2	38	76	2375.4
KS12	2	39	55	1818.4
KS12	2	40	61	2003.4
KS12	2	41	68	2198.35
KS12	2	42	63	2068.9
KS12	2	43	97	2922.3
KS12	2	44	75	2350.9
KS12	2	45	60	1975.45
KS12	2	46	91	2794.2
KS12	2	47	73	2311.95
KS12	2	48	70	2245.35
KS12	2	49	54	1782.85
KS12	2	50	90	2766.25
KS12	2	51	81	2508.7
KS12	2	52	82	2534.75
KS12	2	53	90	2766.25
KS12	2	54	105	3050.85
KS12	2	55	61	2003.4
KS12	2	56	69	2218.35
KS12	2	57	59	1952.5
KS12	2	58	73	2311.95
KS12	2	59	54	1782.85
KS12	2	60	90	2766.25
KS12	2	61	94	2863.25
KS12	2	62	67	2173.3
KS12	2	63	94	2863.25
KS12	2	64	83	2559.65
KS12	2	65	74	2330.9
KS12	2	66	100	2977.85
KS12	2	68	69	2218.35
KS12	2	69	130	3347.8
KS12	2	70	56	1852.45
KS12	2	71	55	1818.4
KS12	2	72	74	2330.9
KS12	2	73	76	2375.4
KS12	2	74	125	3283.25
KS12	2	75	92	2821.65
KS12	2	76	101	2988.4
KS12	2	77	93	2847.25
KS12	2	78	70	2245.35
KS12	2	79	74	2330.9
KS12	2	80	81	2508.7
KS12	2	81	74	2330.9
KS12	2	82	67	2173.3
KS12	2	83	60	1975.45
KS12	2	84	68	2198.35
KS12	2	85	79	2459.1
KS12	2	86	89	2733.75
KS12	2	87	77	2400
KS12	2	88	82	2534.75
KS12	2	89	98	2949.75
KS12	2	90	104	3029.9
KS12	2	91	81	2508.7
KS12	2	92	76	2375.4
KS12	2	93	94	2863.25
KS12	2	94	94	2863.25
KS12	2	95	130	3347.8
KS12	2	96	76	2375.4
KS12	2	97	85	2616.1
KS12	2	98	91	2794.2
KS12	2	99	102	3005.85
KS12	2	100	70	2245.35
KS12	2	101	89	2733.75
KS12	2	102	70	2245.35
KS12	2	103	140	3502.75
KS12	2	104	96	2896.3
KS12	2	105	90	2766.25
KS12	2	106	97	2922.3
KS12	2	107	88	2699.2
KS12	2	108	81	2508.7
KS12	2	109	89	2733.75
KS12	2	110	62	2036.9
KS12	2	111	120	3256.35
KS12	2	112	69	2218.35
KS12	2	113	65	2122.85
KS12	2	114	67	2173.3
KS12	2	115	103	3018.4
KS12	2	116	130	3347.8
KS12	2	117	63	2068.9
KS12	2	118	57	1883.85
KS12	2	119	96	2896.3
KS12	2	120	140	3502.75
KS12	2	121	62	2036.9
KS12	2	122	82	2534.75
KS12	2	123	78	2432.6
KS12	2	124	65	2122.85
KS12	2	125	81	2508.7
KS12	2	126	55	1818.4
KS12	2	127	114	3175.4
KS12	2	128	118	3227.4
KS12	2	129	74	2330.9
KS12	2	130	82	2534.75
KS12	2	131	75	2350.9
KS12	2	132	66	2144.35
KS12	2	133	109	3103.35
KS12	2	134	63	2068.9
KS12	2	135	69	2218.35
KS12	2	136	80	2482.15
KS12	2	137	92	2821.65
KS12	2	138	65	2122.85
KS12	2	139	58	1918.05
KS12	2	140	74	2330.9
KS12	2	141	69	2218.35
KS12	2	142	68	2198.35
KS12	2	143	80	2482.15
KS12	2	144	72	2292.85
KS12	2	145	71	2275.85
KS12	2	146	78	2432.6
KS12	2	147	67	2173.3
KS12	2	148	63	2068.9
KS12	2	149	60	1975.45
KS12	2	150	111	3135.85
KS12	2	151	63	2068.9
KS12	2	152	102	3005.85
KS12	2	153	113	3164.85
KS12	2	154	96	2896.3
KS12	2	156	84	2586.1
KS12	2	157	66	2144.35
KS12	2	158	66	2144.35
KS12	2	159	130	3347.8
KS12	2	160	70	2245.35
KS12	2	162	55	1818.4
KS12	2	163	79	2459.1
KS12	2	164	89	2733.75
KS12	2	165	94	2863.25
KS12	2	166	67	2173.3
KS12	2	167	67	2173.3
KS12	2	168	62	2036.9
KS12	2	169	81	2508.7
KS12	2	170	99	2966.35
KS12	2	171	75	2350.9
KS12	2	172	60	1975.45
KS12	2	173	113	3164.85
KS12	2	174	65	2122.85
KS12	2	175	130	3347.8
KS12	2	176	74	2330.9
KS12	2	177	140	3502.75
KS12	2	178	62	2036.9
KS12	2	179	58	1918.05
KS12	2	180	98	2949.75
KS12	2	181	64	2100.9
KS12	2	182	58	1918.05
KS12	2	183	61	2003.4
KS12	2	184	57	1883.85
KS12	2	185	67	2173.3
KS12	2	186	95	2877.3
KS12	2	187	91	2794.2
KS12	2	188	66	2144.35
KS12	2	189	68	2198.35
KS12	2	190	74	2330.9
KS12	2	191	113	3164.85
KS12	2	192	76	2375.4
KS12	2	193	65	2122.85
KS12	2	194	82	2534.75
KS12	2	195	70	2245.35
KS12	2	196	61	2003.4
KS12	2	197	65	2122.85
KS12	2	198	95	2877.3
KS12	2	199	76	2375.4
KS12	2	200	58	1918.05
KS12	2	201	101	2988.4
KS12	2	202	140	3502.75
KS12	2	203	70	2245.35
KS12	2	204	74	2330.9
KS12	2	205	88	2699.2
KS12	2	206	64	2100.9
KS12	2	207	62	2036.9
KS12	2	208	65	2122.85
KS12	2	209	67	2173.3
KS12	2	210	76	2375.4
KS12	2	211	92	2821.65
KS12	2	212	56	1852.45
KS12	2	213	54	1782.85
KS12	2	214	78	2432.6
KS12	2	215	94	2863.25
KS12	2	217	68	2198.35
KS12	2	218	95	2877.3
KS12	2	219	76	2375.4
KS12	2	220	74	2330.9
KS12	2	221	115	3187.9
KS12	2	222	91	2794.2
KS12	2	223	68	2198.35
KS12	2	224	62	2036.9
KS12	2	225	85	2616.1
KS12	2	226	77	2400
KS12	2	227	70	2245.35
KS12	2	229	79	2459.1
KS12	2	230	56	1852.45
KS12	2	231	108	3092.8
KS12	2	232	104	3029.9
KS12	2	233	56	1852.45
KS12	2	234	58	1918.05
KS12	2	235	57	1883.85
KS12	2	237	89	2733.75
KS12	2	238	90	2766.25
KS12	2	239	116	3201.4
KS12	2	240	79	2459.1
KS12	2	241	105	3050.85
KS12	2	242	96	2896.3
KS12	2	243	68	2198.35
KS12	2	244	62	2036.9
KS12	2	245	58	1918.05
KS12	2	246	92	2821.65
KS12	2	247	92	2821.65
KS12	2	248	57	1883.85
PR11	1	5	59	1612.8
PR11	1	6	60	1639.8
PR11	1	7	52	1429.2
PR11	1	8	55	1504.8
PR11	1	9	62	1696.5
PR11	1	10	53	1451.7
PR11	1	11	56	1532.7
PR11	1	12	53	1451.7
PR11	1	13	56	1532.7
PR11	1	14	56	1532.7
PR11	1	15	53	1451.7
PR11	1	16	58	1584.9
PR11	1	17	58	1584.9
PR11	1	18	57	1557.9
PR11	1	19	52	1429.2
PR11	1	20	51	1400.4
PR11	1	21	57	1557.9
PR11	1	22	62	1696.5
PR11	1	23	56	1532.7
PR11	1	24	55	1504.8
PR11	1	25	59	1612.8
PR11	1	27	52	1429.2
PR11	1	28	52	1429.2
PR11	1	29	57	1557.9
PR11	1	30	56	1532.7
PR11	1	31	52	1429.2
PR11	1	32	60	1639.8
PR11	1	33	60	1639.8
PR11	1	34	52	1429.2
PR11	1	35	57	1557.9
PR11	1	36	62	1696.5
PR11	1	37	55	1504.8
PR11	1	38	58	1584.9
PR11	1	39	53	1451.7
PR11	1	40	.	.
PR11	1	41	57	1557.9
PR11	1	42	62	1696.5
PR11	1	43	55	1504.8
PR11	1	44	60	1639.8
PR11	1	45	59	1612.8
PR11	1	46	53	1451.7
PR11	1	47	53	1451.7
PR11	1	48	59	1612.8
PR11	1	49	59	1612.8
PR11	1	50	53	1451.7
PR11	1	51	52	1429.2
PR11	1	52	66	1809.9
PR11	1	53	52	1429.2
PR11	1	54	52	1429.2
PR11	1	55	59	1612.8
PR11	1	56	62	1696.5
PR11	1	57	57	1557.9
PR11	1	58	65	1780.2
PR11	1	59	59	1612.8
PR11	1	60	51	1400.4
PR11	1	61	52	1429.2
PR11	1	62	55	1504.8
PR11	1	63	54	1479.6
PR11	1	64	52	1429.2
PR11	1	65	62	1696.5
PR11	1	66	55	1504.8
PR11	1	68	67	1839.6
PR11	1	69	52	1429.2
PR11	1	70	59	1612.8
PR11	1	71	59	1612.8
PR11	1	72	59	1612.8
PR11	1	73	67	1839.6
PR11	1	74	53	1451.7
PR11	1	75	55	1504.8
PR11	1	76	59	1612.8
PR11	1	77	52	1429.2
PR11	1	78	59	1612.8
PR11	1	79	62	1696.5
PR11	1	80	53	1451.7
PR11	1	81	57	1557.9
PR11	1	82	62	1696.5
PR11	1	83	53	1451.7
PR11	1	84	52	1429.2
PR11	1	85	55	1504.8
PR11	1	86	65	1780.2
PR11	1	87	66	1809.9
PR11	1	88	63	1721.7
PR11	1	89	64	1750.5
PR11	1	90	59	1612.8
PR11	1	91	53	1451.7
PR11	1	92	66	1809.9
PR11	1	93	65	1780.2
PR11	1	94	65	1780.2
PR11	1	95	52	1429.2
PR11	1	96	53	1451.7
PR11	1	97	58	1584.9
PR11	1	98	53	1451.7
PR11	1	99	55	1504.8
PR11	1	100	68	1868.4
PR11	1	101	59	1612.8
PR11	1	102	55	1504.8
PR11	1	103	52	1429.2
PR11	1	104	53	1451.7
PR11	1	105	62	1696.5
PR11	1	106	64	1750.5
PR11	1	107	60	1639.8
PR11	1	108	64	1750.5
PR11	1	109	53	1451.7
PR11	1	110	67	1839.6
PR11	1	111	54	1479.6
PR11	1	112	.	.
PR11	1	113	53	1451.7
PR11	1	114	53	1451.7
PR11	1	115	66	1809.9
PR11	1	116	53	1451.7
PR11	1	117	58	1584.9
PR11	1	118	55	1504.8
PR11	1	119	.	.
PR11	1	120	52	1429.2
PR11	1	121	53	1451.7
PR11	1	122	52	1429.2
PR11	1	123	55	1504.8
PR11	1	124	58	1584.9
PR11	1	125	55	1504.8
PR11	1	126	58	1584.9
PR11	1	127	55	1504.8
PR11	1	128	52	1429.2
PR11	1	129	59	1612.8
PR11	1	130	59	1612.8
PR11	1	131	60	1639.8
PR11	1	132	59	1612.8
PR11	1	133	53	1451.7
PR11	1	134	53	1451.7
PR11	1	135	58	1584.9
PR11	1	136	59	1612.8
PR11	1	137	52	1429.2
PR11	1	138	56	1532.7
PR11	1	139	60	1639.8
PR11	1	140	.	.
PR11	1	141	59	1612.8
PR11	1	142	56	1532.7
PR11	1	143	57	1557.9
PR11	1	144	53	1451.7
PR11	1	145	55	1504.8
PR11	1	146	59	1612.8
PR11	1	147	63	1721.7
PR11	1	148	51	1400.4
PR11	1	149	57	1557.9
PR11	1	150	57	1557.9
PR11	1	151	59	1612.8
PR11	1	152	58	1584.9
PR11	1	153	57	1557.9
PR11	1	154	55	1504.8
PR11	1	156	56	1532.7
PR11	1	157	51	1400.4
PR11	1	158	66	1809.9
PR11	1	159	52	1429.2
PR11	1	160	57	1557.9
PR11	1	162	57	1557.9
PR11	1	163	59	1612.8
PR11	1	164	57	1557.9
PR11	1	165	52	1429.2
PR11	1	166	63	1721.7
PR11	1	167	64	1750.5
PR11	1	168	55	1504.8
PR11	1	169	55	1504.8
PR11	1	170	60	1639.8
PR11	1	171	56	1532.7
PR11	1	172	63	1721.7
PR11	1	173	53	1451.7
PR11	1	174	55	1504.8
PR11	1	175	55	1504.8
PR11	1	176	55	1504.8
PR11	1	177	55	1504.8
PR11	1	178	60	1639.8
PR11	1	179	66	1809.9
PR11	1	180	52	1429.2
PR11	1	181	57	1557.9
PR11	1	182	57	1557.9
PR11	1	183	57	1557.9
PR11	1	184	60	1639.8
PR11	1	185	57	1557.9
PR11	1	186	53	1451.7
PR11	1	187	56	1532.7
PR11	1	188	66	1809.9
PR11	1	189	.	.
PR11	1	190	62	1696.5
PR11	1	191	58	1584.9
PR11	1	192	56	1532.7
PR11	1	193	57	1557.9
PR11	1	194	57	1557.9
PR11	1	195	52	1429.2
PR11	1	196	56	1532.7
PR11	1	197	57	1557.9
PR11	1	198	58	1584.9
PR11	1	199	57	1557.9
PR11	1	200	56	1532.7
PR11	1	201	51	1400.4
PR11	1	202	51	1400.4
PR11	1	203	59	1612.8
PR11	1	204	56	1532.7
PR11	1	205	63	1721.7
PR11	1	206	51	1400.4
PR11	1	207	53	1451.7
PR11	1	208	57	1557.9
PR11	1	209	.	.
PR11	1	210	65	1780.2
PR11	1	211	55	1504.8
PR11	1	212	57	1557.9
PR11	1	213	57	1557.9
PR11	1	214	57	1557.9
PR11	1	215	62	1696.5
PR11	1	217	59	1612.8
PR11	1	218	52	1429.2
PR11	1	219	.	.
PR11	1	220	59	1612.8
PR11	1	221	51	1400.4
PR11	1	222	52	1429.2
PR11	1	223	57	1557.9
PR11	1	224	53	1451.7
PR11	1	225	55	1504.8
PR11	1	226	59	1612.8
PR11	1	227	57	1557.9
PR11	1	229	.	.
PR11	1	230	50	1369.8
PR11	1	231	53	1451.7
PR11	1	232	53	1451.7
PR11	1	233	57	1557.9
PR11	1	234	55	1504.8
PR11	1	235	52	1429.2
PR11	1	237	50	1369.8
PR11	1	238	59	1612.8
PR11	1	239	56	1532.7
PR11	1	240	53	1451.7
PR11	1	241	52	1429.2
PR11	1	242	51	1400.4
PR11	1	243	55	1504.8
PR11	1	244	52	1429.2
PR11	1	245	56	1532.7
PR11	1	246	.	.
PR11	1	247	51	1400.4
PR11	1	248	57	1557.9
PR11	2	5	53	1451.7
PR11	2	6	54	1479.6
PR11	2	7	52	1429.2
PR11	2	8	56	1532.7
PR11	2	9	60	1639.8
PR11	2	10	53	1451.7
PR11	2	11	54	1479.6
PR11	2	12	53	1451.7
PR11	2	13	59	1612.8
PR11	2	14	53	1451.7
PR11	2	15	53	1451.7
PR11	2	16	.	.
PR11	2	17	59	1612.8
PR11	2	18	56	1532.7
PR11	2	19	53	1451.7
PR11	2	20	52	1429.2
PR11	2	21	53	1451.7
PR11	2	22	60	1639.8
PR11	2	23	53	1451.7
PR11	2	24	60	1639.8
PR11	2	25	64	1750.5
PR11	2	27	52	1429.2
PR11	2	28	52	1429.2
PR11	2	29	58	1584.9
PR11	2	30	62	1696.5
PR11	2	31	.	.
PR11	2	32	60	1639.8
PR11	2	33	63	1721.7
PR11	2	34	53	1451.7
PR11	2	35	57	1557.9
PR11	2	36	57	1557.9
PR11	2	37	53	1451.7
PR11	2	38	53	1451.7
PR11	2	39	58	1584.9
PR11	2	40	68	1868.4
PR11	2	41	60	1639.8
PR11	2	42	64	1750.5
PR11	2	43	53	1451.7
PR11	2	44	58	1584.9
PR11	2	45	55	1504.8
PR11	2	46	52	1429.2
PR11	2	47	53	1451.7
PR11	2	48	55	1504.8
PR11	2	49	59	1612.8
PR11	2	50	57	1557.9
PR11	2	51	55	1504.8
PR11	2	52	63	1721.7
PR11	2	53	52	1429.2
PR11	2	54	53	1451.7
PR11	2	55	58	1584.9
PR11	2	56	57	1557.9
PR11	2	57	57	1557.9
PR11	2	58	65	1780.2
PR11	2	59	54	1479.6
PR11	2	60	51	1400.4
PR11	2	61	51	1400.4
PR11	2	62	53	1451.7
PR11	2	63	52	1429.2
PR11	2	64	52	1429.2
PR11	2	65	55	1504.8
PR11	2	66	54	1479.6
PR11	2	68	63	1721.7
PR11	2	69	53	1451.7
PR11	2	70	55	1504.8
PR11	2	71	59	1612.8
PR11	2	72	54	1479.6
PR11	2	73	66	1809.9
PR11	2	74	52	1429.2
PR11	2	75	52	1429.2
PR11	2	76	64	1750.5
PR11	2	77	52	1429.2
PR11	2	78	60	1639.8
PR11	2	79	60	1639.8
PR11	2	80	53	1451.7
PR11	2	81	63	1721.7
PR11	2	82	62	1696.5
PR11	2	83	57	1557.9
PR11	2	84	53	1451.7
PR11	2	85	60	1639.8
PR11	2	86	65	1780.2
PR11	2	87	64	1750.5
PR11	2	88	59	1612.8
PR11	2	89	56	1532.7
PR11	2	90	54	1479.6
PR11	2	91	55	1504.8
PR11	2	92	65	1780.2
PR11	2	93	68	1868.4
PR11	2	94	62	1696.5
PR11	2	95	53	1451.7
PR11	2	96	53	1451.7
PR11	2	97	60	1639.8
PR11	2	98	55	1504.8
PR11	2	99	52	1429.2
PR11	2	100	68	1868.4
PR11	2	101	59	1612.8
PR11	2	102	53	1451.7
PR11	2	103	57	1557.9
PR11	2	104	53	1451.7
PR11	2	105	65	1780.2
PR11	2	106	60	1639.8
PR11	2	107	60	1639.8
PR11	2	108	65	1780.2
PR11	2	109	52	1429.2
PR11	2	110	65	1780.2
PR11	2	111	52	1429.2
PR11	2	112	64	1750.5
PR11	2	113	55	1504.8
PR11	2	114	55	1504.8
PR11	2	115	64	1750.5
PR11	2	116	53	1451.7
PR11	2	117	59	1612.8
PR11	2	118	52	1429.2
PR11	2	119	55	1504.8
PR11	2	120	53	1451.7
PR11	2	121	55	1504.8
PR11	2	122	51	1400.4
PR11	2	123	52	1429.2
PR11	2	124	62	1696.5
PR11	2	125	52	1429.2
PR11	2	126	53	1451.7
PR11	2	127	53	1451.7
PR11	2	128	51	1400.4
PR11	2	129	63	1721.7
PR11	2	130	55	1504.8
PR11	2	131	61	1669.5
PR11	2	132	59	1612.8
PR11	2	133	57	1557.9
PR11	2	134	52	1429.2
PR11	2	135	.	.
PR11	2	136	60	1639.8
PR11	2	137	52	1429.2
PR11	2	138	57	1557.9
PR11	2	139	63	1721.7
PR11	2	140	63	1721.7
PR11	2	141	62	1696.5
PR11	2	142	56	1532.7
PR11	2	143	59	1612.8
PR11	2	144	53	1451.7
PR11	2	145	57	1557.9
PR11	2	146	60	1639.8
PR11	2	147	65	1780.2
PR11	2	148	54	1479.6
PR11	2	149	53	1451.7
PR11	2	150	58	1584.9
PR11	2	151	53	1451.7
PR11	2	152	60	1639.8
PR11	2	153	.	.
PR11	2	154	51	1400.4
PR11	2	156	52	1429.2
PR11	2	157	52	1429.2
PR11	2	158	63	1721.7
PR11	2	159	53	1451.7
PR11	2	160	52	1429.2
PR11	2	162	52	1429.2
PR11	2	163	55	1504.8
PR11	2	164	58	1584.9
PR11	2	165	52	1429.2
PR11	2	166	.	.
PR11	2	167	62	1696.5
PR11	2	168	53	1451.7
PR11	2	169	52	1429.2
PR11	2	170	57	1557.9
PR11	2	171	58	1584.9
PR11	2	172	66	1809.9
PR11	2	173	52	1429.2
PR11	2	174	59	1612.8
PR11	2	175	53	1451.7
PR11	2	176	56	1532.7
PR11	2	177	56	1532.7
PR11	2	178	57	1557.9
PR11	2	179	63	1721.7
PR11	2	180	52	1429.2
PR11	2	181	55	1504.8
PR11	2	182	53	1451.7
PR11	2	183	53	1451.7
PR11	2	184	63	1721.7
PR11	2	185	56	1532.7
PR11	2	186	51	1400.4
PR11	2	187	57	1557.9
PR11	2	188	59	1612.8
PR11	2	189	62	1696.5
PR11	2	190	59	1612.8
PR11	2	191	58	1584.9
PR11	2	192	56	1532.7
PR11	2	193	59	1612.8
PR11	2	194	59	1612.8
PR11	2	195	52	1429.2
PR11	2	196	56	1532.7
PR11	2	197	57	1557.9
PR11	2	198	54	1479.6
PR11	2	199	57	1557.9
PR11	2	200	57	1557.9
PR11	2	201	51	1400.4
PR11	2	202	53	1451.7
PR11	2	203	59	1612.8
PR11	2	204	53	1451.7
PR11	2	205	64	1750.5
PR11	2	206	52	1429.2
PR11	2	207	55	1504.8
PR11	2	208	53	1451.7
PR11	2	209	58	1584.9
PR11	2	210	64	1750.5
PR11	2	211	54	1479.6
PR11	2	212	52	1429.2
PR11	2	213	53	1451.7
PR11	2	214	58	1584.9
PR11	2	215	63	1721.7
PR11	2	217	57	1557.9
PR11	2	218	52	1429.2
PR11	2	219	65	1780.2
PR11	2	220	62	1696.5
PR11	2	221	51	1400.4
PR11	2	222	52	1429.2
PR11	2	223	62	1696.5
PR11	2	224	53	1451.7
PR11	2	225	58	1584.9
PR11	2	226	66	1809.9
PR11	2	227	62	1696.5
PR11	2	229	.	.
PR11	2	230	52	1429.2
PR11	2	231	53	1451.7
PR11	2	232	52	1429.2
PR11	2	233	58	1584.9
PR11	2	234	57	1557.9
PR11	2	235	55	1504.8
PR11	2	237	55	1504.8
PR11	2	238	58	1584.9
PR11	2	239	56	1532.7
PR11	2	240	55	1504.8
PR11	2	241	59	1612.8
PR11	2	242	51	1400.4
PR11	2	243	55	1504.8
PR11	2	244	59	1612.8
PR11	2	245	61	1669.5
PR11	2	246	67	1839.6
PR11	2	247	55	1504.8
PR11	2	248	60	1639.8
PR12	1	5	61	1622.25
PR12	1	6	62	1649.25
PR12	1	7	56	1487.25
PR12	1	8	56	1487.25
PR12	1	9	68	1791.45
PR12	1	10	49	1300.05
PR12	1	11	57	1514.25
PR12	1	12	56	1487.25
PR12	1	13	63	1678.05
PR12	1	14	54	1430.55
PR12	1	15	58	1541.25
PR12	1	16	63	1678.05
PR12	1	17	59	1568.25
PR12	1	18	58	1541.25
PR12	1	19	56	1487.25
PR12	1	20	54	1430.55
PR12	1	21	61	1622.25
PR12	1	22	58	1541.25
PR12	1	23	61	1622.25
PR12	1	24	56	1487.25
PR12	1	25	60	1594.35
PR12	1	27	54	1430.55
PR12	1	28	54	1430.55
PR12	1	29	57	1514.25
PR12	1	30	58	1541.25
PR12	1	31	54	1430.55
PR12	1	32	56	1487.25
PR12	1	33	60	1594.35
PR12	1	34	54	1430.55
PR12	1	35	57	1514.25
PR12	1	36	58	1541.25
PR12	1	37	55	1460.25
PR12	1	38	62	1649.25
PR12	1	39	56	1487.25
PR12	1	40	68	1791.45
PR12	1	41	57	1514.25
PR12	1	42	.	.
PR12	1	43	60	1594.35
PR12	1	44	59	1568.25
PR12	1	45	62	1649.25
PR12	1	46	54	1430.55
PR12	1	47	58	1541.25
PR12	1	48	56	1487.25
PR12	1	49	67	1766.25
PR12	1	50	55	1460.25
PR12	1	51	54	1430.55
PR12	1	52	.	.
PR12	1	53	52	1377.45
PR12	1	54	56	1487.25
PR12	1	55	60	1594.35
PR12	1	56	60	1594.35
PR12	1	57	57	1514.25
PR12	1	58	58	1541.25
PR12	1	59	60	1594.35
PR12	1	60	56	1487.25
PR12	1	61	54	1430.55
PR12	1	62	56	1487.25
PR12	1	63	56	1487.25
PR12	1	64	54	1430.55
PR12	1	65	56	1487.25
PR12	1	66	56	1487.25
PR12	1	68	59	1568.25
PR12	1	69	54	1430.55
PR12	1	70	58	1541.25
PR12	1	71	59	1568.25
PR12	1	72	58	1541.25
PR12	1	73	64	1701.45
PR12	1	74	56	1487.25
PR12	1	75	56	1487.25
PR12	1	76	60	1594.35
PR12	1	77	52	1377.45
PR12	1	78	58	1541.25
PR12	1	79	60	1594.35
PR12	1	80	56	1487.25
PR12	1	81	61	1622.25
PR12	1	82	63	1678.05
PR12	1	83	59	1568.25
PR12	1	84	56	1487.25
PR12	1	85	54	1430.55
PR12	1	86	62	1649.25
PR12	1	87	61	1622.25
PR12	1	88	61	1622.25
PR12	1	89	58	1541.25
PR12	1	90	56	1487.25
PR12	1	91	54	1430.55
PR12	1	92	63	1678.05
PR12	1	93	64	1701.45
PR12	1	94	61	1622.25
PR12	1	95	56	1487.25
PR12	1	96	56	1487.25
PR12	1	97	59	1568.25
PR12	1	98	54	1430.55
PR12	1	99	56	1487.25
PR12	1	100	61	1622.25
PR12	1	101	59	1568.25
PR12	1	102	57	1514.25
PR12	1	103	54	1430.55
PR12	1	104	56	1487.25
PR12	1	105	60	1594.35
PR12	1	106	59	1568.25
PR12	1	107	59	1568.25
PR12	1	108	60	1594.35
PR12	1	109	56	1487.25
PR12	1	110	62	1649.25
PR12	1	111	55	1460.25
PR12	1	112	53	1404.45
PR12	1	113	55	1460.25
PR12	1	114	54	1430.55
PR12	1	115	61	1622.25
PR12	1	116	56	1487.25
PR12	1	117	64	1701.45
PR12	1	118	56	1487.25
PR12	1	119	58	1541.25
PR12	1	120	57	1514.25
PR12	1	121	54	1430.55
PR12	1	122	55	1460.25
PR12	1	123	60	1594.35
PR12	1	124	56	1487.25
PR12	1	125	59	1568.25
PR12	1	126	58	1541.25
PR12	1	127	56	1487.25
PR12	1	128	54	1430.55
PR12	1	129	53	1404.45
PR12	1	130	58	1541.25
PR12	1	131	61	1622.25
PR12	1	132	59	1568.25
PR12	1	133	55	1460.25
PR12	1	134	53	1404.45
PR12	1	135	58	1541.25
PR12	1	136	59	1568.25
PR12	1	137	54	1430.55
PR12	1	138	57	1514.25
PR12	1	139	53	1404.45
PR12	1	140	61	1622.25
PR12	1	141	58	1541.25
PR12	1	142	63	1678.05
PR12	1	143	.	.
PR12	1	144	55	1460.25
PR12	1	145	58	1541.25
PR12	1	146	56	1487.25
PR12	1	147	63	1678.05
PR12	1	148	55	1460.25
PR12	1	149	58	1541.25
PR12	1	150	56	1487.25
PR12	1	151	56	1487.25
PR12	1	152	59	1568.25
PR12	1	153	57	1514.25
PR12	1	154	54	1430.55
PR12	1	156	54	1430.55
PR12	1	157	52	1377.45
PR12	1	158	59	1568.25
PR12	1	159	56	1487.25
PR12	1	160	54	1430.55
PR12	1	162	57	1514.25
PR12	1	163	58	1541.25
PR12	1	164	58	1541.25
PR12	1	165	57	1514.25
PR12	1	166	63	1678.05
PR12	1	167	62	1649.25
PR12	1	168	56	1487.25
PR12	1	169	56	1487.25
PR12	1	170	58	1541.25
PR12	1	171	57	1514.25
PR12	1	172	61	1622.25
PR12	1	173	56	1487.25
PR12	1	174	54	1430.55
PR12	1	175	55	1460.25
PR12	1	176	57	1514.25
PR12	1	177	58	1541.25
PR12	1	178	58	1541.25
PR12	1	179	54	1430.55
PR12	1	180	56	1487.25
PR12	1	181	59	1568.25
PR12	1	182	58	1541.25
PR12	1	183	58	1541.25
PR12	1	184	58	1541.25
PR12	1	185	56	1487.25
PR12	1	186	52	1377.45
PR12	1	187	56	1487.25
PR12	1	188	60	1594.35
PR12	1	189	55	1460.25
PR12	1	190	56	1487.25
PR12	1	191	54	1430.55
PR12	1	192	56	1487.25
PR12	1	193	58	1541.25
PR12	1	194	55	1460.25
PR12	1	195	54	1430.55
PR12	1	196	59	1568.25
PR12	1	197	58	1541.25
PR12	1	198	58	1541.25
PR12	1	199	58	1541.25
PR12	1	200	54	1430.55
PR12	1	201	56	1487.25
PR12	1	202	54	1430.55
PR12	1	203	57	1514.25
PR12	1	204	56	1487.25
PR12	1	205	56	1487.25
PR12	1	206	54	1430.55
PR12	1	207	56	1487.25
PR12	1	208	55	1460.25
PR12	1	209	55	1460.25
PR12	1	210	54	1430.55
PR12	1	211	54	1430.55
PR12	1	212	56	1487.25
PR12	1	213	56	1487.25
PR12	1	214	57	1514.25
PR12	1	215	61	1622.25
PR12	1	217	58	1541.25
PR12	1	218	54	1430.55
PR12	1	219	61	1622.25
PR12	1	220	56	1487.25
PR12	1	221	54	1430.55
PR12	1	222	52	1377.45
PR12	1	223	61	1622.25
PR12	1	224	54	1430.55
PR12	1	225	55	1460.25
PR12	1	226	56	1487.25
PR12	1	227	58	1541.25
PR12	1	229	63	1678.05
PR12	1	230	54	1430.55
PR12	1	231	56	1487.25
PR12	1	232	52	1377.45
PR12	1	233	57	1514.25
PR12	1	234	55	1460.25
PR12	1	235	55	1460.25
PR12	1	237	52	1377.45
PR12	1	238	58	1541.25
PR12	1	239	55	1460.25
PR12	1	240	61	1622.25
PR12	1	241	52	1377.45
PR12	1	242	54	1430.55
PR12	1	243	55	1460.25
PR12	1	244	53	1404.45
PR12	1	245	56	1487.25
PR12	1	246	56	1487.25
PR12	1	247	53	1404.45
PR12	1	248	59	1568.25
PR12	2	5	56	1487.25
PR12	2	6	58	1541.25
PR12	2	7	56	1487.25
PR12	2	8	56	1487.25
PR12	2	9	62	1649.25
PR12	2	10	55	1460.25
PR12	2	11	54	1430.55
PR12	2	12	56	1487.25
PR12	2	13	56	1487.25
PR12	2	14	57	1514.25
PR12	2	15	54	1430.55
PR12	2	16	58	1541.25
PR12	2	17	58	1541.25
PR12	2	18	55	1460.25
PR12	2	19	54	1430.55
PR12	2	20	54	1430.55
PR12	2	21	58	1541.25
PR12	2	22	56	1487.25
PR12	2	23	56	1487.25
PR12	2	24	56	1487.25
PR12	2	25	57	1514.25
PR12	2	27	54	1430.55
PR12	2	28	56	1487.25
PR12	2	29	57	1514.25
PR12	2	30	57	1514.25
PR12	2	31	52	1377.45
PR12	2	32	55	1460.25
PR12	2	33	56	1487.25
PR12	2	34	53	1404.45
PR12	2	35	57	1514.25
PR12	2	36	58	1541.25
PR12	2	37	55	1460.25
PR12	2	38	60	1594.35
PR12	2	39	53	1404.45
PR12	2	40	62	1649.25
PR12	2	41	56	1487.25
PR12	2	42	61	1622.25
PR12	2	43	53	1404.45
PR12	2	44	56	1487.25
PR12	2	45	58	1541.25
PR12	2	46	55	1460.25
PR12	2	47	55	1460.25
PR12	2	48	54	1430.55
PR12	2	49	56	1487.25
PR12	2	50	57	1514.25
PR12	2	51	55	1460.25
PR12	2	52	62	1649.25
PR12	2	53	53	1404.45
PR12	2	54	55	1460.25
PR12	2	55	56	1487.25
PR12	2	56	58	1541.25
PR12	2	57	52	1377.45
PR12	2	58	57	1514.25
PR12	2	59	55	1460.25
PR12	2	60	55	1460.25
PR12	2	61	53	1404.45
PR12	2	62	54	1430.55
PR12	2	63	53	1404.45
PR12	2	64	52	1377.45
PR12	2	65	53	1404.45
PR12	2	66	55	1460.25
PR12	2	68	61	1622.25
PR12	2	69	54	1430.55
PR12	2	70	56	1487.25
PR12	2	71	61	1622.25
PR12	2	72	57	1514.25
PR12	2	73	64	1701.45
PR12	2	74	56	1487.25
PR12	2	75	57	1514.25
PR12	2	76	58	1541.25
PR12	2	77	52	1377.45
PR12	2	78	57	1514.25
PR12	2	79	56	1487.25
PR12	2	80	55	1460.25
PR12	2	81	57	1514.25
PR12	2	82	62	1649.25
PR12	2	83	55	1460.25
PR12	2	84	56	1487.25
PR12	2	85	56	1487.25
PR12	2	86	62	1649.25
PR12	2	87	61	1622.25
PR12	2	88	62	1649.25
PR12	2	89	54	1430.55
PR12	2	90	53	1404.45
PR12	2	91	55	1460.25
PR12	2	92	60	1594.35
PR12	2	93	58	1541.25
PR12	2	94	58	1541.25
PR12	2	95	56	1487.25
PR12	2	96	55	1460.25
PR12	2	97	56	1487.25
PR12	2	98	52	1377.45
PR12	2	99	54	1430.55
PR12	2	100	61	1622.25
PR12	2	101	55	1460.25
PR12	2	102	56	1487.25
PR12	2	103	52	1377.45
PR12	2	104	57	1514.25
PR12	2	105	60	1594.35
PR12	2	106	56	1487.25
PR12	2	107	58	1541.25
PR12	2	108	62	1649.25
PR12	2	109	56	1487.25
PR12	2	110	60	1594.35
PR12	2	111	54	1430.55
PR12	2	112	60	1594.35
PR12	2	113	54	1430.55
PR12	2	114	54	1430.55
PR12	2	115	56	1487.25
PR12	2	116	56	1487.25
PR12	2	117	60	1594.35
PR12	2	118	58	1541.25
PR12	2	119	55	1460.25
PR12	2	120	56	1487.25
PR12	2	121	55	1460.25
PR12	2	122	54	1430.55
PR12	2	123	57	1514.25
PR12	2	124	54	1430.55
PR12	2	125	55	1460.25
PR12	2	126	57	1514.25
PR12	2	127	55	1460.25
PR12	2	128	55	1460.25
PR12	2	129	60	1594.35
PR12	2	130	58	1541.25
PR12	2	131	58	1541.25
PR12	2	132	57	1514.25
PR12	2	133	53	1404.45
PR12	2	134	57	1514.25
PR12	2	135	55	1460.25
PR12	2	136	57	1514.25
PR12	2	137	54	1430.55
PR12	2	138	55	1460.25
PR12	2	139	60	1594.35
PR12	2	140	60	1594.35
PR12	2	141	55	1460.25
PR12	2	142	56	1487.25
PR12	2	143	57	1514.25
PR12	2	144	55	1460.25
PR12	2	145	56	1487.25
PR12	2	146	55	1460.25
PR12	2	147	64	1701.45
PR12	2	148	55	1460.25
PR12	2	149	57	1514.25
PR12	2	150	60	1594.35
PR12	2	151	55	1460.25
PR12	2	152	57	1514.25
PR12	2	153	54	1430.55
PR12	2	154	54	1430.55
PR12	2	156	54	1430.55
PR12	2	157	52	1377.45
PR12	2	158	59	1568.25
PR12	2	159	56	1487.25
PR12	2	160	55	1460.25
PR12	2	162	56	1487.25
PR12	2	163	55	1460.25
PR12	2	164	58	1541.25
PR12	2	165	56	1487.25
PR12	2	166	62	1649.25
PR12	2	167	60	1594.35
PR12	2	168	58	1541.25
PR12	2	169	56	1487.25
PR12	2	170	58	1541.25
PR12	2	171	57	1514.25
PR12	2	172	61	1622.25
PR12	2	173	56	1487.25
PR12	2	174	58	1541.25
PR12	2	175	54	1430.55
PR12	2	176	56	1487.25
PR12	2	177	58	1541.25
PR12	2	178	55	1460.25
PR12	2	179	62	1649.25
PR12	2	180	54	1430.55
PR12	2	181	56	1487.25
PR12	2	182	60	1594.35
PR12	2	183	55	1460.25
PR12	2	184	56	1487.25
PR12	2	185	54	1430.55
PR12	2	186	56	1487.25
PR12	2	187	55	1460.25
PR12	2	188	62	1649.25
PR12	2	189	55	1460.25
PR12	2	190	58	1541.25
PR12	2	191	53	1404.45
PR12	2	192	56	1487.25
PR12	2	193	57	1514.25
PR12	2	194	54	1430.55
PR12	2	195	57	1514.25
PR12	2	196	56	1487.25
PR12	2	197	59	1568.25
PR12	2	198	58	1541.25
PR12	2	199	54	1430.55
PR12	2	200	56	1487.25
PR12	2	201	55	1460.25
PR12	2	202	52	1377.45
PR12	2	203	54	1430.55
PR12	2	204	58	1541.25
PR12	2	205	56	1487.25
PR12	2	206	56	1487.25
PR12	2	207	56	1487.25
PR12	2	208	56	1487.25
PR12	2	209	56	1487.25
PR12	2	210	58	1541.25
PR12	2	211	56	1487.25
PR12	2	212	53	1404.45
PR12	2	213	58	1541.25
PR12	2	214	61	1622.25
PR12	2	215	58	1541.25
PR12	2	217	58	1541.25
PR12	2	218	55	1460.25
PR12	2	219	56	1487.25
PR12	2	220	57	1514.25
PR12	2	221	53	1404.45
PR12	2	222	54	1430.55
PR12	2	223	59	1568.25
PR12	2	224	55	1460.25
PR12	2	225	56	1487.25
PR12	2	226	59	1568.25
PR12	2	227	56	1487.25
PR12	2	229	61	1622.25
PR12	2	230	53	1404.45
PR12	2	231	57	1514.25
PR12	2	232	55	1460.25
PR12	2	233	56	1487.25
PR12	2	234	55	1460.25
PR12	2	235	54	1430.55
PR12	2	237	54	1430.55
PR12	2	238	58	1541.25
PR12	2	239	57	1514.25
PR12	2	240	57	1514.25
PR12	2	241	52	1377.45
PR12	2	242	52	1377.45
PR12	2	243	56	1487.25
PR12	2	244	55	1460.25
PR12	2	245	57	1514.25
PR12	2	246	58	1541.25
PR12	2	247	52	1377.45
PR12	2	248	61	1622.25
PR14	1	5	61	1953
PR14	1	6	62	1983.6
PR14	1	7	80	2573.1
PR14	1	8	61	1953
PR14	1	9	61	1953
PR14	1	10	85	2745.45
PR14	1	11	63	2016
PR14	1	12	85	2745.45
PR14	1	13	60	1926
PR14	1	14	60	1926
PR14	1	15	56	1794.6
PR14	1	16	60	1926
PR14	1	17	88	2842.65
PR14	1	18	58	1866.6
PR14	1	19	79	2542.5
PR14	1	20	74	2385.9
PR14	1	21	53	1697.4
PR14	1	22	66	2111.4
PR14	1	23	63	2016
PR14	1	24	63	2016
PR14	1	25	54	1730.7
PR14	1	27	53	1697.4
PR14	1	28	84	2710.35
PR14	1	29	51	1627.2
PR14	1	30	51	1627.2
PR14	1	31	74	2385.9
PR14	1	32	60	1926
PR14	1	33	57	1832.4
PR14	1	34	74	2385.9
PR14	1	35	58	1866.6
PR14	1	36	.	.
PR14	1	37	57	1832.4
PR14	1	38	49	1555.2
PR14	1	39	51	1627.2
PR14	1	40	56	1794.6
PR14	1	41	54	1730.7
PR14	1	42	55	1762.2
PR14	1	43	66	2111.4
PR14	1	44	63	2016
PR14	1	45	52	1663.2
PR14	1	46	67	2143.8
PR14	1	47	56	1794.6
PR14	1	48	52	1663.2
PR14	1	49	52	1663.2
PR14	1	50	66	2111.4
PR14	1	51	55	1762.2
PR14	1	52	56	1794.6
PR14	1	53	66	2111.4
PR14	1	54	71	2282.4
PR14	1	55	53	1697.4
PR14	1	56	53	1697.4
PR14	1	57	53	1697.4
PR14	1	58	48	1521.9
PR14	1	59	56	1794.6
PR14	1	60	55	1762.2
PR14	1	61	71	2282.4
PR14	1	62	60	1926
PR14	1	63	66	2111.4
PR14	1	64	61	1953
PR14	1	65	61	1953
PR14	1	66	48	1521.9
PR14	1	68	54	1730.7
PR14	1	69	.	.
PR14	1	70	53	1697.4
PR14	1	71	54	1730.7
PR14	1	72	53	1697.4
PR14	1	73	57	1832.4
PR14	1	74	100	3226.95
PR14	1	75	71	2282.4
PR14	1	76	60	1926
PR14	1	77	67	2143.8
PR14	1	78	57	1832.4
PR14	1	79	61	1953
PR14	1	80	63	2016
PR14	1	81	55	1762.2
PR14	1	82	53	1697.4
PR14	1	83	53	1697.4
PR14	1	84	51	1627.2
PR14	1	85	66	2111.4
PR14	1	86	60	1926
PR14	1	87	64	2050.2
PR14	1	88	66	2111.4
PR14	1	89	80	2573.1
PR14	1	90	82	2639.7
PR14	1	91	57	1832.4
PR14	1	92	61	1953
PR14	1	93	74	2385.9
PR14	1	94	63	2016
PR14	1	95	66	2111.4
PR14	1	96	56	1794.6
PR14	1	97	64	2050.2
PR14	1	98	55	1762.2
PR14	1	99	66	2111.4
PR14	1	100	.	.
PR14	1	101	64	2050.2
PR14	1	102	60	1926
PR14	1	103	77	2474.1
PR14	1	104	64	2050.2
PR14	1	105	53	1697.4
PR14	1	106	64	2050.2
PR14	1	107	60	1926
PR14	1	108	55	1762.2
PR14	1	109	74	2385.9
PR14	1	110	53	1697.4
PR14	1	111	80	2573.1
PR14	1	112	57	1832.4
PR14	1	113	51	1627.2
PR14	1	114	55	1762.2
PR14	1	115	66	2111.4
PR14	1	116	74	2385.9
PR14	1	117	57	1832.4
PR14	1	118	49	1555.2
PR14	1	119	66	2111.4
PR14	1	120	88	2842.65
PR14	1	121	49	1555.2
PR14	1	122	62	1983.6
PR14	1	123	58	1866.6
PR14	1	124	53	1697.4
PR14	1	125	53	1697.4
PR14	1	126	48	1521.9
PR14	1	127	70	2247.3
PR14	1	128	62	1983.6
PR14	1	129	62	1983.6
PR14	1	130	62	1983.6
PR14	1	131	53	1697.4
PR14	1	132	57	1832.4
PR14	1	133	66	2111.4
PR14	1	134	51	1627.2
PR14	1	135	51	1627.2
PR14	1	136	53	1697.4
PR14	1	137	62	1983.6
PR14	1	138	51	1627.2
PR14	1	139	57	1832.4
PR14	1	140	61	1953
PR14	1	141	56	1794.6
PR14	1	142	60	1926
PR14	1	143	51	1627.2
PR14	1	144	54	1730.7
PR14	1	145	58	1866.6
PR14	1	146	61	1953
PR14	1	147	57	1832.4
PR14	1	148	57	1832.4
PR14	1	149	51	1627.2
PR14	1	150	67	2143.8
PR14	1	151	60	1926
PR14	1	152	64	2050.2
PR14	1	153	77	2474.1
PR14	1	154	65	2079.9
PR14	1	156	63	2016
PR14	1	157	57	1832.4
PR14	1	158	58	1866.6
PR14	1	159	100	3226.95
PR14	1	160	58	1866.6
PR14	1	162	60	1926
PR14	1	163	51	1627.2
PR14	1	164	56	1794.6
PR14	1	165	56	1794.6
PR14	1	166	57	1832.4
PR14	1	167	53	1697.4
PR14	1	168	56	1794.6
PR14	1	169	66	2111.4
PR14	1	170	77	2474.1
PR14	1	171	53	1697.4
PR14	1	172	56	1794.6
PR14	1	173	66	2111.4
PR14	1	174	62	1983.6
PR14	1	175	85	2745.45
PR14	1	176	61	1953
PR14	1	177	66	2111.4
PR14	1	178	55	1762.2
PR14	1	179	49	1555.2
PR14	1	180	70	2247.3
PR14	1	181	51	1627.2
PR14	1	182	54	1730.7
PR14	1	183	49	1555.2
PR14	1	184	49	1555.2
PR14	1	185	49	1555.2
PR14	1	186	71	2282.4
PR14	1	187	62	1983.6
PR14	1	188	62	1983.6
PR14	1	189	51	1627.2
PR14	1	190	53	1697.4
PR14	1	191	88	2842.65
PR14	1	192	56	1794.6
PR14	1	193	51	1627.2
PR14	1	194	58	1866.6
PR14	1	195	57	1832.4
PR14	1	196	54	1730.7
PR14	1	197	49	1555.2
PR14	1	198	66	2111.4
PR14	1	199	51	1627.2
PR14	1	200	49	1555.2
PR14	1	201	70	2247.3
PR14	1	202	85	2745.45
PR14	1	203	54	1730.7
PR14	1	204	58	1866.6
PR14	1	205	64	2050.2
PR14	1	206	51	1627.2
PR14	1	207	53	1697.4
PR14	1	208	53	1697.4
PR14	1	209	61	1953
PR14	1	210	65	2079.9
PR14	1	211	64	2050.2
PR14	1	212	48	1521.9
PR14	1	213	49	1555.2
PR14	1	214	54	1730.7
PR14	1	215	57	1832.4
PR14	1	217	51	1627.2
PR14	1	218	67	2143.8
PR14	1	219	64	2050.2
PR14	1	220	66	2111.4
PR14	1	221	62	1983.6
PR14	1	222	61	1953
PR14	1	223	60	1926
PR14	1	224	57	1832.4
PR14	1	225	55	1762.2
PR14	1	226	62	1983.6
PR14	1	227	57	1832.4
PR14	1	229	64	2050.2
PR14	1	230	49	1555.2
PR14	1	231	107	3454.65
PR14	1	232	74	2385.9
PR14	1	233	51	1627.2
PR14	1	234	51	1627.2
PR14	1	235	51	1627.2
PR14	1	237	64	2050.2
PR14	1	238	64	2050.2
PR14	1	239	71	2282.4
PR14	1	240	53	1697.4
PR14	1	241	71	2282.4
PR14	1	242	67	2143.8
PR14	1	243	51	1627.2
PR14	1	244	57	1832.4
PR14	1	245	49	1555.2
PR14	1	246	71	2282.4
PR14	1	247	55	1762.2
PR14	1	248	53	1697.4
PR14	2	5	57	1832.4
PR14	2	6	57	1832.4
PR14	2	7	78	2507.4
PR14	2	8	58	1866.6
PR14	2	9	56	1794.6
PR14	2	10	82	2639.7
PR14	2	11	60	1926
PR14	2	12	77	2474.1
PR14	2	13	58	1866.6
PR14	2	14	58	1866.6
PR14	2	15	53	1697.4
PR14	2	16	55	1762.2
PR14	2	17	93	3006.45
PR14	2	18	55	1762.2
PR14	2	19	74	2385.9
PR14	2	20	67	2143.8
PR14	2	21	51	1627.2
PR14	2	22	69	2212.2
PR14	2	23	64	2050.2
PR14	2	24	64	2050.2
PR14	2	25	49	1555.2
PR14	2	27	55	1762.2
PR14	2	28	.	.
PR14	2	29	49	1555.2
PR14	2	30	49	1555.2
PR14	2	31	74	2385.9
PR14	2	32	62	1983.6
PR14	2	33	55	1762.2
PR14	2	34	67	2143.8
PR14	2	35	55	1762.2
PR14	2	36	.	.
PR14	2	37	55	1762.2
PR14	2	38	52	1663.2
PR14	2	39	51	1627.2
PR14	2	40	53	1697.4
PR14	2	41	53	1697.4
PR14	2	42	55	1762.2
PR14	2	43	64	2050.2
PR14	2	44	63	2016
PR14	2	45	48	1521.9
PR14	2	46	67	2143.8
PR14	2	47	57	1832.4
PR14	2	48	54	1730.7
PR14	2	49	55	1762.2
PR14	2	50	66	2111.4
PR14	2	51	55	1762.2
PR14	2	52	55	1762.2
PR14	2	53	62	1983.6
PR14	2	54	.	.
PR14	2	55	57	1832.4
PR14	2	56	51	1627.2
PR14	2	57	49	1555.2
PR14	2	58	55	1762.2
PR14	2	59	53	1697.4
PR14	2	60	67	2143.8
PR14	2	61	71	2282.4
PR14	2	62	58	1866.6
PR14	2	63	64	2050.2
PR14	2	64	60	1926
PR14	2	65	57	1832.4
PR14	2	66	49	1555.2
PR14	2	68	55	1762.2
PR14	2	69	.	.
PR14	2	70	55	1762.2
PR14	2	71	55	1762.2
PR14	2	72	49	1555.2
PR14	2	73	57	1832.4
PR14	2	74	93	3006.45
PR14	2	75	67	2143.8
PR14	2	76	55	1762.2
PR14	2	77	70	2247.3
PR14	2	78	55	1762.2
PR14	2	79	60	1926
PR14	2	80	66	2111.4
PR14	2	81	56	1794.6
PR14	2	82	53	1697.4
PR14	2	83	51	1627.2
PR14	2	84	53	1697.4
PR14	2	85	66	2111.4
PR14	2	86	57	1832.4
PR14	2	87	66	2111.4
PR14	2	88	67	2143.8
PR14	2	89	77	2474.1
PR14	2	90	79	2542.5
PR14	2	91	58	1866.6
PR14	2	92	62	1983.6
PR14	2	93	58	1866.6
PR14	2	94	58	1866.6
PR14	2	95	68	2177.1
PR14	2	96	57	1832.4
PR14	2	97	60	1926
PR14	2	98	49	1555.2
PR14	2	99	68	2177.1
PR14	2	100	64	2050.2
PR14	2	101	67	2143.8
PR14	2	102	60	1926
PR14	2	103	80	2573.1
PR14	2	104	66	2111.4
PR14	2	105	49	1555.2
PR14	2	106	68	2177.1
PR14	2	107	64	2050.2
PR14	2	108	56	1794.6
PR14	2	109	68	2177.1
PR14	2	110	57	1832.4
PR14	2	111	90	2907.45
PR14	2	112	57	1832.4
PR14	2	113	48	1521.9
PR14	2	114	55	1762.2
PR14	2	115	62	1983.6
PR14	2	116	74	2385.9
PR14	2	117	57	1832.4
PR14	2	118	48	1521.9
PR14	2	119	67	2143.8
PR14	2	120	85	2745.45
PR14	2	121	51	1627.2
PR14	2	122	61	1953
PR14	2	123	60	1926
PR14	2	124	55	1762.2
PR14	2	125	57	1832.4
PR14	2	126	49	1555.2
PR14	2	127	67	2143.8
PR14	2	128	64	2050.2
PR14	2	129	56	1794.6
PR14	2	130	61	1953
PR14	2	131	55	1762.2
PR14	2	132	56	1794.6
PR14	2	133	64	2050.2
PR14	2	134	49	1555.2
PR14	2	135	51	1627.2
PR14	2	136	51	1627.2
PR14	2	137	60	1926
PR14	2	138	51	1627.2
PR14	2	139	55	1762.2
PR14	2	140	66	2111.4
PR14	2	141	55	1762.2
PR14	2	142	60	1926
PR14	2	143	55	1762.2
PR14	2	144	57	1832.4
PR14	2	145	58	1866.6
PR14	2	146	61	1953
PR14	2	147	60	1926
PR14	2	148	55	1762.2
PR14	2	149	49	1555.2
PR14	2	150	68	2177.1
PR14	2	151	53	1697.4
PR14	2	152	64	2050.2
PR14	2	153	74	2385.9
PR14	2	154	67	2143.8
PR14	2	156	63	2016
PR14	2	157	57	1832.4
PR14	2	158	57	1832.4
PR14	2	159	90	2907.45
PR14	2	160	55	1762.2
PR14	2	162	58	1866.6
PR14	2	163	53	1697.4
PR14	2	164	63	2016
PR14	2	165	55	1762.2
PR14	2	166	58	1866.6
PR14	2	167	55	1762.2
PR14	2	168	51	1627.2
PR14	2	169	58	1866.6
PR14	2	170	77	2474.1
PR14	2	171	51	1627.2
PR14	2	172	57	1832.4
PR14	2	173	71	2282.4
PR14	2	174	57	1832.4
PR14	2	175	85	2745.45
PR14	2	176	61	1953
PR14	2	177	69	2212.2
PR14	2	178	53	1697.4
PR14	2	179	49	1555.2
PR14	2	180	66	2111.4
PR14	2	181	52	1663.2
PR14	2	182	55	1762.2
PR14	2	183	49	1555.2
PR14	2	184	49	1555.2
PR14	2	185	49	1555.2
PR14	2	186	71	2282.4
PR14	2	187	57	1832.4
PR14	2	188	60	1926
PR14	2	189	51	1627.2
PR14	2	190	55	1762.2
PR14	2	191	90	2907.45
PR14	2	192	57	1832.4
PR14	2	193	51	1627.2
PR14	2	194	60	1926
PR14	2	195	55	1762.2
PR14	2	196	51	1627.2
PR14	2	197	49	1555.2
PR14	2	198	64	2050.2
PR14	2	199	53	1697.4
PR14	2	200	48	1521.9
PR14	2	201	74	2385.9
PR14	2	202	82	2639.7
PR14	2	203	51	1627.2
PR14	2	204	58	1866.6
PR14	2	205	63	2016
PR14	2	206	51	1627.2
PR14	2	207	53	1697.4
PR14	2	208	51	1627.2
PR14	2	209	62	1983.6
PR14	2	210	61	1953
PR14	2	211	64	2050.2
PR14	2	212	46	1455.3
PR14	2	213	49	1555.2
PR14	2	214	55	1762.2
PR14	2	215	57	1832.4
PR14	2	217	55	1762.2
PR14	2	218	67	2143.8
PR14	2	219	64	2050.2
PR14	2	220	64	2050.2
PR14	2	221	64	2050.2
PR14	2	222	62	1983.6
PR14	2	223	51	1627.2
PR14	2	224	63	2016
PR14	2	225	57	1832.4
PR14	2	226	61	1953
PR14	2	227	56	1794.6
PR14	2	229	67	2143.8
PR14	2	230	51	1627.2
PR14	2	231	97	3132.45
PR14	2	232	69	2212.2
PR14	2	233	55	1762.2
PR14	2	234	51	1627.2
PR14	2	235	51	1627.2
PR14	2	237	64	2050.2
PR14	2	238	64	2050.2
PR14	2	239	77	2474.1
PR14	2	240	53	1697.4
PR14	2	241	71	2282.4
PR14	2	242	68	2177.1
PR14	2	243	51	1627.2
PR14	2	244	56	1794.6
PR14	2	245	47	1490.4
PR14	2	246	77	2474.1
PR14	2	247	56	1794.6
PR14	2	248	51	1627.2
