line_code	TH_08	ISI_08	HA_08	TS_08L	FU_08	TS_07	TS_09	ISA_08	TS_08E
Line1	4.540256123	3.571022141	1.785262433	1.397726686	-2.53574231	-2.539773314	-0.982955132	-1.369318768	-3.866477859
Line10	0.706922789	-3.262311192	-3.048070901	2.064393353	4.130924357	-1.873106647	2.183711535	-0.702652102	-0.199811192
Line100	-12.61568068	-14.34698576	-19.13274547	-5.020281213	1.046249791	7.042218787	13.59903697	13.71267333	15.71551424
Line101	-8.818643377	-10.94661542	-12.73237513	-2.619910876	-1.053379872	7.442589124	8.499407306	8.613043669	11.61588458
Line102	3.168085047	3.242543525	-2.543216183	5.569248071	1.135779075	1.131748071	-4.311433747	-0.697797384	-6.694956475
Line103	-6.570854989	-6.54008897	-6.325848678	-3.713384425	-2.646853421	4.849115575	6.405933757	5.019570121	9.52241103
Line104	1.595811678	-1.873422304	2.840817988	-1.046717758	-0.480186754	5.015782242	0.072600424	-2.813763213	-3.310922304
Line105	-3.070854989	-3.04008897	0.674151322	-2.213384425	-3.146853421	1.849115575	2.905933757	2.019570121	4.02241103
Line106	-6.459743877	-4.428977859	-3.714737567	2.397726686	4.46425769	-0.039773314	3.517044868	2.630681232	1.633522141
Line107	1.095811678	8.126577696	10.84081799	2.953282242	4.019813246	-9.984217758	-4.927399576	-8.313763213	-3.810922304
Line108	-11.51529943	-10.48453341	-10.27029312	2.342171131	4.908702135	5.404671131	8.461489313	4.075125676	7.077966585
Line109	-2.348632766	-0.817866748	-1.103626456	4.008837797	1.575368801	0.571337797	-0.371844021	-1.758207657	0.244633252
Line11	-0.476383741	0.635602124	-3.650157584	-1.037693331	0.028837673	3.524806669	3.081624851	-1.304738785	-0.801897876
Line110	2.040256123	1.071022141	-1.714737567	-1.602273314	0.96425769	0.460226686	0.017044868	-1.369318768	0.133522141
Line111	0.435928331	-1.728436885	-1.514196593	3.59826766	1.664798664	-0.33923234	-0.782414158	-1.168777794	-0.165936885
Line112	2.095811678	0.626577696	-2.659182012	2.453282242	-0.980186754	1.515782242	-2.427399576	-1.313763213	0.689077696
Line113	6.373589456	6.404355474	8.118595766	2.73106002	2.297591024	-3.70643998	-6.649621799	-6.535985435	-9.033144526
Line114	-7.904188322	-3.373422304	-3.659182012	-2.546717758	-2.480186754	-0.984217758	7.572600424	6.186236787	7.189077696
Line115	-7.237521655	-2.706755637	-7.992515345	-2.380051091	-2.313520087	2.682448909	5.73926709	6.852903454	7.355744363
Line116	-3.626410544	-2.095644526	-4.381404234	2.23106002	8.297591024	1.29356002	-0.149621799	-0.535985435	-1.033144526
Line117	-16.45974388	-14.42897786	-16.21473757	-1.602273314	1.96425769	3.960226686	13.01704487	13.13068123	16.63352214
Line118	11.20692279	8.737688808	10.9519291	0.064393353	-3.369075643	-3.873106647	-7.816288465	-8.202652102	-7.699811192
Line119	-14.95974388	-11.92897786	-15.21473757	1.397726686	4.46425769	8.460226686	9.517044868	7.130681232	11.13352214
Line12	-3.863968514	-3.00344978	-0.789209488	-3.176745234	-6.61021423	4.885754766	2.942572948	1.056209311	8.55905022
Line120	5.984700567	6.015466585	8.229706877	5.342171131	0.408702135	-5.095328869	-6.538510687	-5.924874324	-8.422033415
Line121	-6.293077211	-4.262311192	-5.548070901	4.564393353	8.130924357	1.626893353	3.183711535	1.797347898	-3.199811192
Line122	2.484700567	0.015466585	-0.270293123	-3.657828869	-4.091297865	0.404671131	0.461489313	0.575125676	4.077966585
Line123	2.262478345	-1.206755637	-1.992515345	-3.880051091	-4.313520087	1.682448909	1.73926709	1.852903454	3.855744363
Line124	3.318844145	2.349610163	3.056558255	4.676314709	1.742845713	-3.761185291	-3.70436711	-2.090730746	-5.587889837
Line125	-1.348632766	8.182133252	-0.603626456	2.008837797	6.575368801	-2.928662203	-1.871844021	-1.258207657	-8.755366748
Line126	-6.626410544	-4.095644526	-7.381404234	4.23106002	6.297591024	2.29356002	2.350378201	1.464014565	1.466855474
Line127	4.262478345	1.293244363	0.507484655	2.119948909	-1.313520087	0.682448909	-2.76073291	-1.647096546	-3.144255637
Line128	5.540256123	2.571022141	0.785262433	2.897726686	-1.03574231	-0.539773314	-3.982955132	-1.869318768	-4.366477859
Line129	1.762478345	-1.206755637	-0.992515345	1.119948909	0.686479913	1.182448909	1.73926709	-2.647096546	-1.644255637
Line13	-1.199585555	-0.898997649	0.315242642	-1.072293104	-3.5057621	-0.509793104	3.547025078	1.660661441	1.663502351
Line130	-10.29307721	-8.262311192	-11.5480709	2.564393353	4.130924357	2.626893353	4.683711535	6.297347898	9.800188808
Line131	-3.848632766	-9.317866748	-9.103626456	-1.991162203	-1.924631199	0.071337797	7.628155979	7.241792343	11.24463325
Line132	-4.570854989	-8.04008897	-7.825848678	-1.713384425	-1.646853421	3.349115575	6.405933757	6.019570121	8.02241103
Line133	1.040256123	3.571022141	0.285262433	1.397726686	4.46425769	-2.039773314	-3.482955132	-1.869318768	-3.366477859
Line134	-2.904188322	-3.873422304	-5.159182012	-2.046717758	1.019813246	0.515782242	3.072600424	4.186236787	5.189077696
Line135	-0.237521655	4.293244363	-0.492515345	6.119948909	1.186479913	0.182448909	-5.26073291	-3.147096546	-2.644255637
Line136	-10.62641054	-11.09564453	-12.88140423	1.73106002	5.797591024	4.29356002	9.350378201	6.964014565	6.466855474
Line137	-5.959743877	-6.428977859	-9.214737567	-1.102273314	0.46425769	3.960226686	7.017044868	5.130681232	6.133522141
Line138	-14.12641054	-16.09564453	-13.88140423	-2.76893998	1.797591024	5.29356002	12.8503782	11.46401457	15.46685547
Line139	-8.18925921	-13.33778844	-13.12354815	-0.011083897	4.555447107	4.551416103	5.108234285	9.221870648	11.22471156
Line14	-10.62641054	-6.595644526	-9.881404234	-0.76893998	1.797591024	1.79356002	8.350378201	9.964014565	5.966855474
Line140	-18.12641054	-15.59564453	-17.88140423	-3.26893998	3.297591024	7.29356002	15.8503782	14.46401457	13.96685547
Line141	6.651367234	5.682133252	-20.10362646	6.508837797	6.575368801	-0.928662203	-1.871844021	1.241792343	-3.755366748
Line142	-12.84863277	-8.817866748	-7.103626456	3.008837797	6.075368801	0.071337797	7.628155979	3.241792343	8.744633252
Line143	-8.626410544	-7.595644526	-2.381404234	-4.26893998	-3.202408976	4.29356002	7.350378201	6.964014565	7.466855474
Line144	-10.84863277	-12.31786675	-7.603626456	2.008837797	3.575368801	1.071337797	6.628155979	9.241792343	8.244633252
Line145	-3.515299433	-0.984533415	2.229706877	-1.157828869	-2.091297865	1.904671131	0.961489313	0.075125676	2.577966585
Line146	5.484700567	9.015466585	-0.770293123	2.842171131	2.908702135	-2.595328869	-4.038510687	-5.424874324	-7.422033415
Line147	3.484700567	-0.984533415	1.229706877	2.842171131	-0.091297865	-2.095328869	-2.038510687	-0.424874324	-1.922033415
Line148	-6.6819661	-6.151200081	-4.93695979	-0.824495536	4.742035468	5.238004464	5.294822646	1.90845901	1.411299919
Line149	-9.126410544	-7.595644526	-6.381404234	3.73106002	6.797591024	5.29356002	3.350378201	2.464014565	1.466855474
Line15	0.762478345	1.293244363	0.507484655	-3.380051091	-1.313520087	2.682448909	3.23926709	-2.147096546	-1.644255637
Line150	-3.237521655	-3.706755637	-1.992515345	-2.880051091	-3.313520087	5.682448909	3.73926709	0.352903454	5.355744363
Line151	-7.070854989	0.45991103	0.174151322	1.786615575	5.353146579	-2.650884425	1.905933757	0.519570121	-0.47758897
Line152	-7.848632766	-5.817866748	-7.103626456	5.008837797	7.075368801	1.571337797	2.128155979	3.741792343	1.244633252
Line153	-8.626410544	-8.595644526	-5.381404234	0.73106002	3.797591024	-0.20643998	7.350378201	5.964014565	4.966855474
Line154	-3.570854989	-3.54008897	-0.825848678	-1.713384425	-3.146853421	0.849115575	3.405933757	4.019570121	4.52241103
Line155	-4.618080441	-8.221685789	-4.507445497	-1.894981243	0.671549761	2.667518757	4.724336939	5.337973302	5.840814211
Line156	10.7613336	12.10588746	14.82012775	3.432592001	0.499123005	-5.504907999	-11.94808982	-10.33445345	-13.83161254
Line157	3.762478345	3.793244363	4.507484655	3.619948909	7.186479913	-1.817551091	-6.76073291	-6.147096546	-8.144255637
Line158	-0.885650172	-2.563239572	6.65100072	-4.236535027	-4.670004023	1.325964973	2.382783155	-1.003580481	2.999260428
Line159	-1.293077211	0.237688808	1.951929099	0.064393353	0.630924357	-0.373106647	0.683711535	-2.202652102	0.300188808
Line16	-1.1819661	-1.651200081	1.06304021	-3.824495536	-4.257964532	0.738004464	5.294822646	0.40845901	3.411299919
Line160	-1.570854989	-2.04008897	2.174151322	-0.213384425	-0.146853421	-0.650884425	3.405933757	-0.980429879	0.02241103
Line161	-2.062153839	-3.666176614	-0.951936322	-1.839472068	-0.772941064	1.223027932	2.279846113	3.393482477	2.396323386
Line162	1.540256123	1.071022141	1.785262433	1.897726686	-2.53574231	0.460226686	-1.982955132	-0.869318768	-1.366477859
Line163	-1.52492035	-1.0458308	0.168409492	0.280873745	-5.152595251	-0.156626255	1.900191927	2.013828291	3.5166692
Line164	2.984700567	3.515466585	-12.27029312	2.842171131	8.408702135	-3.095328869	-0.538510687	1.575125676	-3.422033415
Line165	-0.577690387	-2.601734545	0.612505746	1.22497	-1.708498996	0.78747	-0.155711818	0.957924545	1.460765455
Line166	-9.626410544	-7.095644526	-3.881404234	0.73106002	3.797591024	2.79356002	4.850378201	3.964014565	4.466855474
Line167	-11.45974388	-10.42897786	-6.714737567	-0.102273314	4.96425769	2.960226686	7.017044868	7.130681232	6.633522141
Line168	2.052174137	1.444532389	1.158772681	0.771236935	2.337767939	-0.666263065	-3.109444884	-0.49580852	-3.492967611
Line169	-1.205355032	0.039223535	0.253463827	-2.134071919	-2.067540915	-0.571571919	0.985246263	1.598882626	3.101723535
Line17	-5.237521655	-3.206755637	-2.992515345	-1.880051091	-0.813520087	3.182448909	4.23926709	1.852903454	4.855744363
Line170	-0.751378496	-6.017523532	-4.30328324	-3.690818986	11.37571202	-3.128318986	3.428499195	11.04213556	-7.955023532
Line171	2.8180339	0.348799919	3.56304021	2.675504464	5.742035468	-5.761995536	-2.705177354	-1.09154099	-5.588700081
Line172	-2.950217796	-2.180168619	-1.465928328	-1.853464074	-4.78693307	1.709035926	2.265854108	3.879490472	5.382331381
Line173	-0.878369079	-0.314149709	1.900090583	-1.987445163	-4.920914159	1.575054837	2.131873018	0.745509382	1.748350291
Line174	6.296542747	5.038986313	4.753226605	2.865690858	7.432221862	-4.571809142	-7.01499096	-4.901354596	-9.898513687
Line175	0.297633056	-0.711149976	4.003090316	-1.38444543	-3.317914426	1.67805457	0.234872751	-1.151490885	0.351350024
Line176	5.845358552	6.684066426	9.398306718	2.010770971	1.367845265	-6.926729029	-8.369910847	-4.756274483	-5.253433574
Line18	6.762478345	7.793244363	7.007484655	-0.880051091	-2.813520087	0.182448909	-6.76073291	-4.647096546	-6.644255637
Line19	4.373589456	6.904355474	4.618595766	2.23106002	-1.702408976	-2.70643998	-4.149621799	-5.535985435	-4.033144526
Line2	9.540256123	2.571022141	8.285262433	2.397726686	-0.03574231	-3.539773314	-5.482955132	-6.369318768	-7.366477859
Line20	1.344787968	2.47045566	4.184695952	-1.702839794	-3.13630879	1.359660206	-1.083521612	-2.969885249	-0.46704434
Line21	12.6179227	13.14868871	6.663929852	1.975393259	-3.458075737	-7.462106741	-8.405288559	-8.791652196	-6.288811287
Line22	8.873589456	9.404355474	8.618595766	-0.76893998	-1.202408976	-4.70643998	-9.149621799	-6.035985435	-5.033144526
Line23	9.230138205	13.29728688	10.51152717	3.623991426	0.69052243	-5.813508574	-11.25669039	-10.64305403	-9.640213119
Line24	17.98470057	12.01546659	14.72970688	-0.657828869	-4.091297865	-5.595328869	-11.53851069	-10.92487432	-11.92203341
Line25	12.26247834	13.29324436	11.50748465	0.619948909	-7.313520087	-6.817551091	-8.26073291	-8.647096546	-6.644255637
Line26	11.76247834	9.793244363	11.50748465	0.119948909	-2.813520087	-4.317551091	-10.26073291	-7.147096546	-8.644255637
Line27	12.8180339	9.848799919	8.06304021	0.175504464	-3.257964532	-4.761995536	-8.705177354	-7.09154099	-7.088700081
Line28	6.706922789	7.237688808	6.451929099	4.564393353	2.630924357	-2.873106647	-6.816288465	-7.202652102	-10.69981119
Line29	7.595811678	10.1265777	8.340817988	-0.546717758	-4.980186754	-0.484217758	-7.427399576	-5.813763213	-6.810922304
Line3	1.762478345	-0.206755637	0.507484655	0.119948909	-5.813520087	1.682448909	0.73926709	-2.647096546	3.855744363
Line30	12.54025612	6.571022141	9.785262433	1.897726686	0.46425769	-2.539773314	-8.482955132	-8.369318768	-11.86647786
Line31	3.706922789	5.237688808	1.951929099	2.064393353	0.630924357	-2.873106647	-2.316288465	-3.202652102	-5.199811192
Line32	10.48470057	11.01546659	9.229706877	-0.657828869	-2.591297865	-5.095328869	-8.038510687	-5.424874324	-8.922033415
Line33	1.206922789	-0.262311192	3.951929099	-3.935606647	-2.869075643	0.626893353	2.183711535	-1.202652102	0.300188808
Line34	-11.01529943	-9.984533415	-9.270293123	-0.657828869	2.908702135	2.904671131	6.461489313	7.575125676	11.07796659
Line35	2.651367234	0.682133252	1.396373544	-3.991162203	-3.424631199	-0.928662203	2.128155979	0.241792343	1.244633252
Line36	-8.126410544	-3.095644526	-4.881404234	-2.76893998	-2.202408976	3.79356002	4.350378201	3.964014565	8.966855474
Line37	1.873589456	4.904355474	3.618595766	0.23106002	-4.202408976	1.79356002	-2.649621799	-2.535985435	-3.033144526
Line38	7.929145011	8.45991103	8.674151322	-1.213384425	-2.146853421	-2.650884425	-6.594066243	-4.980429879	-7.47758897
Line39	8.262478345	9.793244363	9.507484655	-5.380051091	-1.313520087	-4.817551091	-5.76073291	-6.147096546	-4.144255637
Line4	-4.737521655	-2.706755637	-5.492515345	-3.380051091	-2.313520087	2.682448909	5.73926709	4.352903454	5.855744363
Line40	4.762478345	8.793244363	10.50748465	4.119948909	-2.313520087	-2.817551091	-7.26073291	-7.147096546	-8.644255637
Line41	1.2289755	2.359932219	4.07417251	-1.813363236	-4.246832232	2.249136764	-0.694045054	-2.08040869	-1.077567781
Line42	12.98470057	10.01546659	11.72970688	-1.157828869	-4.091297865	-4.595328869	-8.538510687	-7.424874324	-8.922033415
Line43	-3.404188322	-6.373422304	-5.659182012	-3.046717758	-0.480186754	3.015782242	5.572600424	2.686236787	7.689077696
Line44	9.484700567	8.015466585	8.229706877	-1.657828869	-4.091297865	-1.095328869	-7.038510687	-5.424874324	-6.422033415
Line45	4.873589456	7.404355474	6.118595766	3.23106002	-1.702408976	-2.70643998	-5.649621799	-6.035985435	-5.533144526
Line46	1.484700567	1.015466585	-5.770293123	-1.657828869	-2.091297865	3.404671131	2.961489313	-1.424874324	2.077966585
Line47	7.040256123	2.571022141	2.285262433	2.897726686	5.46425769	-3.039773314	-5.482955132	-4.869318768	-6.866477859
Line48	-3.067180411	-3.228048292	-3.013808001	-1.901343747	-1.334812743	0.661156253	5.717974435	1.331610798	4.834451708
Line49	-2.848632766	-2.817866748	-2.603626456	-2.491162203	-1.424631199	-0.428662203	6.628155979	2.241792343	3.744633252
Line5	10.8180339	7.348799919	12.56304021	-1.324495536	-3.257964532	-1.261995536	-8.705177354	-8.09154099	-8.088700081
Line50	-3.793077211	-3.262311192	-3.548070901	-2.435606647	-2.869075643	2.626893353	4.683711535	2.297347898	6.300188808
Line51	-9.515299433	-11.48453341	-8.770293123	-1.657828869	-0.091297865	4.404671131	7.961489313	6.575125676	12.57796659
Line52	1.484700567	-1.984533415	0.229706877	-1.657828869	-3.591297865	2.904671131	1.461489313	0.075125676	1.077966585
Line53	-14.07085499	-14.54008897	-12.32584868	0.786615575	8.853146579	0.849115575	10.40593376	13.01957012	7.02241103
Line54	11.54025612	8.571022141	11.78526243	-2.102273314	-4.03574231	-3.039773314	-7.982955132	-6.369318768	-8.366477859
Line55	-3.737521655	-5.206755637	-0.992515345	-2.380051091	-1.313520087	1.182448909	4.23926709	4.352903454	3.855744363
Line56	6.095811678	5.126577696	5.340817988	-0.546717758	-4.480186754	-1.484217758	-5.427399576	-2.313763213	-2.310922304
Line57	4.262478345	-0.706755637	3.007484655	-2.880051091	-2.813520087	-1.317551091	-0.26073291	0.852903454	-0.144255637
Line58	12.15136723	3.682133252	11.39637354	0.008837797	-0.924631199	-1.428662203	-7.871844021	-5.258207657	-11.75536675
Line59	8.65908949	11.55616797	12.27040826	2.382872515	-0.550596481	-6.554627485	-9.997809303	-7.884172939	-9.88133203
Line6	-2.348632766	-3.317866748	-1.103626456	-3.991162203	-4.424631199	3.071337797	2.628155979	3.741792343	5.744633252
Line60	-5.626410544	-4.095644526	-3.381404234	-3.76893998	-1.202408976	5.29356002	2.850378201	2.964014565	6.966855474
Line61	13.8180339	9.848799919	14.06304021	0.175504464	-1.757964532	-4.761995536	-11.20517735	-9.59154099	-10.58870008
Line62	9.040256123	4.071022141	7.785262433	-3.602273314	-5.03574231	-1.539773314	-5.482955132	-2.869318768	-2.366477859
Line63	15.15136723	12.68213325	11.89637354	0.008837797	-2.424631199	-5.428662203	-10.87184402	-9.258207657	-11.75536675
Line64	7.040256123	4.071022141	6.785262433	2.897726686	0.96425769	-4.039773314	-4.982955132	-5.869318768	-6.866477859
Line65	14.87358946	10.40435547	12.11859577	-2.26893998	-2.202408976	-5.20643998	-10.6496218	-8.035985435	-9.033144526
Line66	9.540256123	7.071022141	11.28526243	-0.102273314	-2.53574231	-1.039773314	-8.982955132	-7.369318768	-7.866477859
Line67	15.59581168	13.6265777	13.34081799	0.953282242	-3.480186754	-4.984217758	-11.92739958	-10.31376321	-12.8109223
Line68	3.151367234	0.682133252	1.896373544	-2.491162203	-2.924631199	3.571337797	1.628155979	-4.258207657	-1.255366748
Line69	10.59581168	7.626577696	12.34081799	-3.546717758	-3.980186754	-3.984217758	-8.427399576	-4.313763213	-6.310922304
Line7	16.42914501	9.45991103	11.67415132	0.786615575	-5.146853421	-4.650884425	-10.09406624	-9.480429879	-8.97758897
Line70	17.76247834	13.79324436	18.00748465	2.119948909	-2.313520087	-7.817551091	-13.76073291	-13.64709655	-14.14425564
Line71	1.040256123	7.071022141	3.785262433	4.897726686	0.46425769	-4.539773314	-2.482955132	-4.869318768	-5.366477859
Line72	3.883643042	6.403098776	8.117339068	-0.770196679	-4.703665675	-0.707696679	-5.650878497	-3.037242133	-3.534401224
Line73	-7.793077211	-3.262311192	-6.048070901	0.064393353	0.630924357	2.626893353	5.683711535	4.797347898	3.300188808
Line74	10.37358946	10.40435547	11.11859577	0.23106002	-6.702408976	-3.70643998	-8.649621799	-6.535985435	-6.533144526
Line75	-0.404188322	0.126577696	-0.659182012	-0.546717758	-0.980186754	1.515782242	4.072600424	-0.313763213	-2.810922304
Line76	0.8180339	-0.151200081	2.56304021	-1.824495536	-2.257964532	2.238004464	0.794822646	-1.59154099	-0.588700081
Line77	-6.626410544	-1.595644526	-1.381404234	-3.26893998	2.297591024	2.29356002	3.850378201	-0.035985435	4.466855474
Line78	-6.6819661	-12.15120008	-10.43695979	1.175504464	2.742035468	2.238004464	4.294822646	9.90845901	8.911299919
Line79	-8.237521655	-7.206755637	-6.492515345	4.619948909	5.686479913	1.182448909	3.23926709	3.352903454	3.855744363
Line8	1.873589456	-0.595644526	0.118595766	1.23106002	0.297591024	-0.20643998	-1.149621799	-1.035985435	-0.533144526
Line80	-7.404188322	-0.373422304	-7.659182012	2.953282242	3.519813246	0.515782242	1.572600424	2.186236787	4.689077696
Line81	-5.459743877	-3.928977859	-4.214737567	-6.102273314	-1.53574231	1.960226686	6.017044868	4.630681232	8.633522141
Line82	0.984700567	3.015466585	0.229706877	-0.657828869	3.908702135	-1.595328869	-4.038510687	0.075125676	-1.922033415
Line83	-13.40418832	-10.8734223	-14.15918201	3.453282242	1.019813246	4.515782242	11.57260042	9.686236787	8.189077696
Line84	-6.293077211	-5.262311192	-6.048070901	-2.935606647	-3.869075643	5.626893353	7.683711535	5.297347898	5.800188808
Line85	3.540256123	10.57102214	6.285262433	3.897726686	-0.53574231	-3.039773314	-6.982955132	-5.369318768	-8.366477859
Line86	9.095811678	12.6265777	11.34081799	2.453282242	1.519813246	-4.984217758	-9.927399576	-8.313763213	-13.8109223
Line87	7.984700567	11.01546659	9.729706877	3.342171131	3.408702135	-5.095328869	-9.038510687	-8.424874324	-12.92203341
Line88	1.8180339	5.848799919	4.56304021	3.675504464	0.742035468	-1.761995536	-5.705177354	-2.59154099	-6.588700081
Line89	2.595811678	-1.373422304	-0.659182012	0.453282242	-3.980186754	1.015782242	-0.427399576	2.686236787	-0.310922304
Line9	-6.015299433	-6.984533415	-3.270293123	-1.157828869	-0.091297865	3.404671131	3.961489313	3.575125676	6.577966585
Line90	-19.23752166	-16.20675564	-18.49251535	-8.380051091	1.186479913	7.182448909	15.73926709	18.85290345	19.35574436
Line91	-12.01529943	-10.98453341	-11.27029312	5.342171131	10.90870213	-4.595328869	6.961489313	11.57512568	4.077966585
Line92	-5.959743877	-5.928977859	-4.214737567	-3.102273314	-2.03574231	2.960226686	5.517044868	3.130681232	9.633522141
Line93	-7.626410544	-6.095644526	-7.381404234	-3.76893998	0.297591024	2.29356002	6.350378201	6.464014565	9.466855474
Line94	-8.515299433	-8.484533415	-8.770293123	1.342171131	4.908702135	1.904671131	5.961489313	6.075125676	5.577966585
Line95	3.206922789	-0.262311192	1.951929099	-2.435606647	-4.369075643	-0.373106647	-0.316288465	1.797347898	0.800188808
Line96	-10.84863277	-6.317866748	-10.10362646	-0.991162203	-0.924631199	4.071337797	6.128155979	7.741792343	11.24463325
Line97	-12.73752166	-11.20675564	-13.49251535	-0.880051091	6.686479913	2.182448909	8.23926709	13.85290345	7.355744363
Line98	-5.515299433	-3.484533415	-5.270293123	-3.157828869	-3.091297865	4.404671131	4.961489313	4.575125676	6.577966585
Line99	-0.237521655	6.293244363	2.007484655	1.119948909	4.186479913	-2.317551091	-5.26073291	-2.647096546	-3.144255637
