line_code	TH_08	ISI_08	HA_08	TS_08L	FU_08	TS_07	TS_09	ISA_08	TS_08E
Line1	73	74	72.5	76.5	80.5	90.5	101.5	102.5	117.5
Line10	73.5	71.5	72	81.5	91.5	95.5	109	107.5	125.5
Line100	NA	78	73.5	92	106	122	138	139.5	159
Line101	NA	68	66.5	81	90.5	109	119.5	121	141.5
Line102	NA	85	79.5	92	95.5	105.5	109.5	114.5	126
Line103	65	67	67.5	74.5	83.5	101	112	112	134
Line104	59	57.5	62.5	63	71.5	87	91.5	90	107
Line105	61.5	63.5	67.5	69	76	91	101.5	102	121.5
Line106	71.5	75.5	76.5	87	97	102.5	115.5	116	132.5
Line107	94.5	103.5	106.5	103	112	108	122.5	120.5	142.5
Line108	68	71	71.5	88.5	99	109.5	122	119	139.5
Line109	67.5	71	71	80.5	86	95	103.5	103.5	123
Line11	NA	59	55	62	71	84.5	93.5	90.5	108.5
Line110	68.5	69.5	67	71.5	82	91.5	100.5	100.5	119.5
Line111	NA	69	69.5	79	85	93	102	103	121.5
Line112	69	69.5	66.5	76	80.5	93	98.5	101	120.5
Line113	68	70	72	71	78.5	82.5	89	90.5	105.5
Line114	61.5	68	68	73.5	81.5	93	111	111	129.5
Line115	65	71.5	66.5	76.5	84.5	99.5	112	114.5	132.5
Line116	70.5	74	72	83	97	100	108	109	126
Line117	74	78	76.5	95.5	107	119	137.5	139	160
Line118	70	69.5	72	65.5	70	79.5	85	86	104
Line119	74	79	76	97	108	122	132.5	131.5	153
Line12	NA	62	64.5	66.5	71	92.5	100	99.5	124.5
Line120	74.5	76.5	79	80.5	83.5	88	96	98	113
Line121	60	64	63	77.5	89	92.5	103.5	103.5	116
Line122	68.5	68	68	69	76.5	91	100.5	102	123
Line123	69.5	68	67.5	70	77.5	93.5	103	104.5	124
Line124	84	85	NA	92	97	101.5	111	114	128
Line125	90	101.5	93	100	112.5	113	123.5	125.5	135.5
Line126	62	66.5	63.5	79.5	89.5	95.5	105	105.5	123
Line127	64	63	62.5	68.5	73	85	91	93.5	109.5
Line128	67.5	66.5	65	71.5	75.5	86	92	95.5	110.5
Line129	61.5	60.5	61	67.5	75	85.5	95.5	92.5	111
Line13	NA	65	66.5	69.5	75	88	101.5	101	118.5
Line130	65	69	66	84.5	94	102.5	114	117	138
Line131	73.5	70	70.5	82	90	102	119	120	141.5
Line132	68	66.5	67	77.5	85.5	100.5	113	114	133.5
Line133	73	77.5	74.5	80	91	94.5	102.5	105.5	121.5
Line134	68.5	69.5	68.5	76	87	96.5	108.5	111	129.5
Line135	63	69.5	65	76	79	88	92	95.5	113.5
Line136	64.5	66	64.5	83.5	95.5	104	118.5	117.5	134.5
Line137	64.5	66	63.5	76	85.5	99	111.5	111	129.5
Line138	71.5	71.5	74	89.5	102	115.5	132.5	132.5	154
Line139	NA	75.5	76	93.5	106	116	126	131.5	151
Line14	61	67	64	77.5	88	98	114	117	130.5
Line140	70.5	75	73	92	106.5	120.5	138.5	138.5	155.5
Line141	90.5	91.5	66	97	105	107.5	116	120.5	133
Line142	58	64	66	80.5	91.5	95.5	112.5	109.5	132.5
Line143	58	61	66.5	69	78	95.5	108	109	127
Line144	81	81.5	86.5	100.5	110	117.5	132.5	136.5	153
Line145	65	69.5	73	74	81	95	103.5	104	124
Line146	71	76.5	67	75	83	87.5	95.5	95.5	111
Line147	67	64.5	67	73	78	86	95.5	98.5	114.5
Line148	63	65.5	67	75.5	89	99.5	109	107	124
Line149	65	68.5	70	84.5	95.5	104	111.5	112	128.5
Line15	59	61.5	61	61.5	71.5	85.5	95.5	91.5	109.5
Line150	63	64.5	66.5	70	77.5	96.5	104	102	124.5
Line151	74	83.5	83.5	89.5	101	103	117	117	133.5
Line152	71.5	75.5	74.5	91	101	105.5	115.5	118.5	133.5
Line153	59	61	64.5	75	86	92	109	109	125.5
Line154	59	61	64	67.5	74	88	100	102	120
Line155	NA	68	72	79	89.5	101.5	113	115	133
Line156	NA	80	83	76	81	85	88	91	105
Line157	70	72	73	76.5	88	89	93.5	95.5	111
Line158	NA	61	70.5	64	71.5	87.5	98	96	117.5
Line159	58.5	62	64	66.5	75	84	94.5	93	113
Line16	60.5	62	65	64.5	72	87	101	97.5	118
Line160	59	60.5	65	67	75	84.5	98	95	113.5
Line161	NA	62.5	65.5	69	78	90	100.5	103	119.5
Line162	66.5	68	69	73.5	77	90	97	99.5	116.5
Line163	NA	64	65.5	70	72.5	87.5	99	100.5	119.5
Line164	81	83.5	68	87.5	101	99.5	111.5	115	127.5
Line165	NA	63.5	67	72	77	89.5	98	100.5	118.5
Line166	59	63.5	67	76	87	96	107.5	108	126
Line167	58	61	65	76	89	97	110.5	112	129
Line168	NA	76.5	76.5	80.5	90	97	104	108	122.5
Line169	NA	66.5	67	69	77	88.5	99.5	101.5	120.5
Line17	60	64	64.5	70	79	93	103.5	102.5	123
Line170	NA	76.5	78.5	83.5	106.5	102	118	127	125.5
Line171	71.5	71	74.5	78	89	87.5	100	103	116
Line172	NA	62	63	67	72	88.5	98.5	101.5	120.5
Line173	NA	64	66.5	67	72	88.5	98.5	98.5	117
Line174	NA	75	75	77.5	90	88	95	98.5	111
Line175	NA	60	65	64	70	85	93	93	112
Line176	NA	76	79	76	NA	85	93	98	115
Line18	61	64	63.5	60	66	79	81.5	85	100.5
Line19	63.5	68	66	68	72	81	89	89	108
Line2	70	65	71	69.5	75	81.5	89	89.5	106
Line20	NA	61	63	61.5	68	82.5	89.5	89	109
Line21	79.5	82	NA	75.5	78	84	92.5	93.5	113.5
Line22	66	68.5	68	63	70.5	77	82	86.5	105
Line23	NA	78	75.5	73	78	81.5	85.5	87.5	106
Line24	79	75	78	67	71.5	80	83.5	85.5	102
Line25	76	79	77.5	71	71	81.5	89.5	90.5	110
Line26	67	67	69	62	67	75.5	79	83.5	99.5
Line27	75.5	74.5	73	69.5	74	82.5	88	91	108.5
Line28	68.5	71	70.5	73	79	83.5	89	90	104
Line29	67	71.5	70	65.5	69	83.5	86	89	105.5
Line3	64	64	65	69	71	88.5	97	95	119
Line30	74.5	70.5	74	70.5	77	84	87.5	89	103
Line31	72.5	76	73	77.5	84	90.5	100.5	101	116.5
Line32	71	73.5	72	66.5	72.5	80	86.5	90.5	104.5
Line33	60	60.5	65	61.5	70.5	84	95	93	112
Line34	62	65	66	79	90.5	100.5	113.5	116	137
Line35	63.5	63.5	64.5	63.5	72	84.5	97	96.5	115
Line36	61	68	66.5	73	81.5	97.5	107.5	108.5	131
Line37	64	69	68	69	72.5	88.5	93.5	95	112
Line38	59	61.5	62	56.5	63.5	73	78.5	81.5	96.5
Line39	66	69.5	69.5	59	71	77.5	86	87	106.5
Line4	62	66	63.5	70	79	94	106.5	106.5	125.5
Line40	59	65	67	65	66.5	76	81	82.5	98.5
Line41	NA	60	62	60.5	66	82.5	89	89	107.5
Line42	71	70	72	63.5	68.5	78	83.5	86	102
Line43	66	65	66	73	83.5	97	109	107.5	130
Line44	75	75.5	76	70.5	76	89	92.5	95.5	112
Line45	65	69.5	68.5	70	73	82	88.5	89.5	107.5
Line46	58	59.5	53	61.5	69	84.5	93.5	90.5	111.5
Line47	71	68.5	68.5	73.5	84	85.5	92.5	94.5	110
Line48	NA	61	61.5	67	75.5	87.5	102	99	120
Line49	59	61	61.5	66	75	86	102.5	99.5	118.5
Line5	67.5	66	71.5	62	68	80	82	84	101.5
Line50	61	63.5	63.5	69	76.5	92	103.5	102.5	124
Line51	65	65	68	79.5	89	103.5	116.5	116.5	140
Line52	60.5	59	61.5	64	70	86.5	94.5	94.5	113
Line53	59.5	61	63.5	81	97	99	118	122	133.5
Line54	66.5	65.5	69	59.5	65.5	76.5	81	84	99.5
Line55	62	62.5	67	70	79	91.5	104	105.5	122.5
Line56	65.5	66.5	67	65.5	69.5	82.5	88	92.5	110
Line57	64.5	61.5	65.5	64	72	83.5	94	96.5	113
Line58	69.5	63	71	64	71	80.5	83.5	87.5	98.5
Line59	NA	80.5	81.5	76	81	85	91	94.5	110
Line6	65	66	68.5	70	77.5	95	104	106.5	126
Line60	61.5	65	66	70	80.5	97	104	105.5	127
Line61	77	75	79.5	70	76	83	86	89	105.5
Line62	66	63	67	60	66.5	80	85.5	89.5	107.5
Line63	78	77.5	77	69.5	75	82	86	89	104
Line64	67.5	66.5	69.5	70	76	81	89.5	90	106.5
Line65	75.5	73	75	65	73	80	84	88	104.5
Line66	66.5	66	70.5	63.5	69	80.5	82	85	102
Line67	74.5	74.5	74.5	66.5	70	78.5	81	84	99
Line68	61.5	61	62.5	62.5	70	86.5	94	89.5	110
Line69	68	67	72	60.5	68	78	83	88.5	104
Line7	79	74	76.5	70	72	82.5	86.5	88.5	106.5
Line70	83	81	85.5	74	77.5	82	85.5	87	104
Line71	71	79	76	81.5	85	90	101.5	100.5	117.5
Line72	NA	63.5	65.5	61	65	79	83.5	87.5	104.5
Line73	61.5	68	65.5	76	84.5	96.5	109	109.5	125.5
Line74	71	73	74	67.5	68.5	81.5	86	89.5	107
Line75	63.5	66	65.5	70	77.5	90	102	99	114
Line76	60.5	61.5	64.5	64.5	72	86.5	94.5	93.5	112
Line77	62	69	69.5	72	85.5	95.5	106.5	104	126
Line78	79.5	76	78	94	103.5	113	124.5	131.5	148
Line79	69.5	72.5	73.5	89	98	103.5	115	116.5	134.5
Line8	65.5	65	66	71.5	78.5	88	96.5	98	116
Line80	81.5	90.5	83.5	98.5	107	114	124.5	126.5	146.5
Line81	65.5	69	69	71.5	84	97.5	111	111	132.5
Line82	87.5	91.5	89	92.5	105	109.5	116.5	122	137.5
Line83	84	88.5	85.5	107.5	113	126.5	143	142.5	158.5
Line84	59	62	61.5	69	76	95.5	107	106	124
Line85	67.5	76.5	72.5	74.5	78	85.5	91	94	108.5
Line86	76	81.5	80.5	76	83	86.5	91	94	106
Line87	72	77	76	74	82	83.5	89	91	104
Line88	63	69	68	71.5	76.5	84	89.5	94	107.5
Line89	64.5	62.5	63.5	69	72.5	87.5	95.5	100	114.5
Line9	65	66	70	76.5	85.5	99	109	110	130.5
Line90	77	82	80	94.5	112	128	146	150.5	168.5
Line91	66	69	69	90	103.5	98	119	125	135
Line92	68	70	72	77.5	86.5	101.5	113.5	112.5	136.5
Line93	67.5	71	70	78	90	102	115.5	117	137.5
Line94	61	63	63	77.5	89	96	109.5	111	128
Line95	65	63.5	66	66	72	86	95.5	99	115.5
Line96	60.5	67	63.5	77	85	100	111.5	114.5	135.5
Line97	71	74.5	72.5	89.5	105	110.5	126	133	144
Line98	60	64	62.5	69	77	94.5	104.5	105.5	125
Line99	70.5	79	75	78.5	89.5	93	99.5	103.5	120.5
