env_code	date	TMAX	TMIN	DL	GDD	PTT	PTR	PTS
TS_07	2007-05-14	70.7	60.26	14.019	15.48	217.0141	1.1042	268703.4463
TS_07	2007-05-15	71.78	57.11	14.047	14.445	202.9089	1.0283	373092.4859
TS_07	2007-05-16	73.4	53.96	14.073	13.68	192.5186	0.9721	490346.0558
TS_07	2007-05-17	74.39	59.72	14.1	17.055	240.4755	1.2096	391137.5415
TS_07	2007-05-18	75.38	59.63	14.126	17.505	247.2756	1.2392	424311.5945
TS_07	2007-05-19	73.04	58.01	14.151	15.525	219.6943	1.0971	394430.2981
TS_07	2007-05-20	76.91	58.01	14.176	17.46	247.513	1.2317	512442.9773
TS_07	2007-05-21	72.59	56.39	14.2	14.49	205.758	1.0204	421321.9406
TS_07	2007-05-22	76.01	62.69	14.224	19.35	275.2344	1.3604	373786.983
TS_07	2007-05-23	80.87	64.4	14.247	22.635	322.4808	1.5888	485642.1625
TS_07	2007-05-24	80.87	66.2	14.269	23.535	335.8209	1.6494	439279.8498
TS_07	2007-05-25	81.725	65.03	14.291	23.3775	334.0879	1.6358	500385.3297
TS_07	2007-05-26	82.58	63.86	14.313	23.22	332.3479	1.6223	561599.7518
TS_07	2007-05-27	82.94	59.18	14.333	21.06	301.853	1.4693	693706.6167
TS_07	2007-05-28	67.46	59.18	14.353	13.32	191.182	0.928	216016.3424
TS_07	2007-05-29	72.05	54.5	14.372	13.275	190.7883	0.9237	458747.4755
TS_07	2007-05-30	70.79	57.02	14.391	13.905	200.1069	0.9662	364485.8908
TS_07	2007-05-31	74.12	57.02	14.409	15.57	224.3481	1.0806	465584.9919
TS_07	2007-06-01	71.24	59.54	14.426	15.39	222.0161	1.0668	318433.7201
TS_07	2007-06-02	76.19	60.8	14.443	18.495	267.1233	1.2806	439786.9194
TS_07	2007-06-03	76.37	65.66	14.459	21.015	303.8559	1.4534	318013.8784
TS_07	2007-06-04	77.99	66.02	14.474	22.005	318.5004	1.5203	361130.3072
TS_07	2007-06-05	76.55	64.13	14.488	20.34	294.6859	1.4039	366750.5975
TS_07	2007-06-06	79.16	66.02	14.502	22.59	327.6002	1.5577	401197.2605
TS_07	2007-06-07	77.99	68.18	14.514	23.085	335.0557	1.5905	302065.7546
TS_07	2007-06-08	79.07	65.84	14.526	22.455	326.1813	1.5458	404529.5769
TS_07	2007-06-09	77.99	64.67	14.538	21.33	310.0955	1.4672	401620.4085
TS_07	2007-06-10	73.94	64.67	14.548	19.305	280.8491	1.327	271944.8774
TS_07	2007-06-11	76.64	63.5	14.558	20.07	292.1791	1.3786	390266.1719
TS_07	2007-06-12	81.59	65.12	14.566	23.355	340.1889	1.6034	512665.3053
TS_07	2007-06-13	82.22	68.63	14.574	25.425	370.5439	1.7445	435433.9645
TS_07	2007-06-14	77.36	66.245	14.582	21.8025	317.9241	1.4952	339401.077
TS_07	2007-06-15	86.99	63.86	14.588	25.425	370.8999	1.7429	742527.3528
TS_07	2007-06-16	88.34	63.77	14.593	26.055	380.2206	1.7854	795888.2402
TS_07	2007-06-17	80.69	63.68	14.598	22.185	323.8566	1.5197	523320.7905
TS_07	2007-06-18	80.96	69.26	14.602	25.11	366.6562	1.7196	374747.1232
TS_07	2007-06-19	86.81	71.24	14.605	29.025	423.9101	1.9873	524911.6786
TS_07	2007-06-20	83.12	72.41	14.607	27.765	405.5634	1.9008	355406.7742
TS_07	2007-06-21	84.02	73.94	14.608	28.98	423.3398	1.9838	339773.2447
TS_07	2007-06-22	78.44	72.005	14.609	25.2225	368.4755	1.7265	206617.5883
TS_07	2007-06-23	87.17	70.07	14.608	28.62	418.081	1.9592	573773.7373
TS_07	2007-06-24	78.17	68.09	14.607	23.13	337.8599	1.5835	314563.3779
TS_07	2007-06-25	73.94	66.11	14.605	20.025	292.4651	1.3711	233909.5739
TS_07	2007-06-26	81.005	69.17	14.602	25.0875	366.3277	1.7181	378957.5737
TS_07	2007-06-27	88.07	71.78	14.598	29.925	436.8452	2.0499	554907.3069
TS_07	2007-06-28	86.72	72.5	14.593	29.61	432.0987	2.0291	482154.6737
TS_07	2007-06-29	86.63	77	14.588	31.815	464.1172	2.1809	335336.4225
TS_07	2007-06-30	84.65	72.41	14.582	28.53	416.0245	1.9565	408772.0554
TS_07	2007-07-01	81.77	67.82	14.574	24.795	361.3623	1.7013	443235.2583
TS_07	2007-07-02	77.45	72.68	14.566	25.065	365.0968	1.7208	151938.0243
TS_07	2007-07-03	80.06	70.16	14.558	25.11	365.5514	1.7248	315185.6108
TS_07	2007-07-04	83.21	70.16	14.548	26.685	388.2134	1.8343	423601.5241
TS_07	2007-07-05	86.36	67.64	14.538	27	392.526	1.8572	609306.6166
TS_07	2007-07-06	85.91	70.16	14.527	28.035	407.2644	1.9299	518742.5368
TS_07	2007-07-07	77.54	69.575	14.515	23.5575	341.9371	1.623	246874.8315
TS_07	2007-07-08	79.88	69.575	14.502	24.7275	358.5982	1.7051	323902.4601
TS_07	2007-07-09	81.77	68.99	14.488	25.38	367.7054	1.7518	404421.1476
TS_07	2007-07-10	77.9	71.33	14.474	24.615	356.2775	1.7006	205399.1515
TS_07	2007-07-11	80.42	72.14	14.459	26.28	379.9825	1.8176	264087.3096
TS_07	2007-07-12	80.51	72.86	14.444	26.685	385.4381	1.8475	244780.497
TS_07	2007-07-13	79.43	71.6	14.427	25.515	368.1049	1.7686	246137.0822
TS_07	2007-07-14	80.285	70.34	14.41	25.3125	364.7531	1.7566	311049.7159
TS_07	2007-07-15	81.14	69.62	14.392	25.38	365.269	1.7635	359733.521
TS_07	2007-07-16	84.47	67.19	14.374	25.83	371.2804	1.797	541464.6029
TS_07	2007-07-17	69.53	67.19	14.355	18.36	263.5578	1.279	65925.6318
TS_07	2007-07-18	72.86	64.76	14.335	18.81	269.6413	1.3122	229066.704
TS_07	2007-07-19	77.18	67.28	14.314	22.23	318.2002	1.553	293025.1054
TS_07	2007-07-20	83.3	67.82	14.293	25.56	365.3291	1.7883	477902.9251
TS_07	2007-07-21	81.05	70.07	14.272	25.56	364.7923	1.7909	337982.3016
TS_07	2007-07-22	81.86	72.32	14.249	27.09	386.0054	1.9012	298638.0829
TS_07	2007-07-23	79.43	71.915	14.226	25.6725	365.217	1.8046	230177.3953
TS_07	2007-07-24	88.61	71.915	14.203	30.2625	429.8183	2.1307	540616.4745
TS_07	2007-07-25	86.72	71.51	14.179	29.115	412.8216	2.0534	483848.3308
TS_07	2007-07-26	88.34	76.28	14.154	32.31	457.3157	2.2827	397729.9427
TS_07	2007-07-27	90.86	76.19	14.129	33.525	473.6747	2.3728	489214.6389
TS_07	2007-07-28	89.15	76.1	14.104	32.625	460.143	2.3132	428979.5392
TS_07	2007-07-29	89.69	71.825	14.078	30.7575	433.0041	2.1848	571870.6449
TS_07	2007-07-30	75.02	71.825	14.051	23.4225	329.1095	1.667	92628.4706
TS_07	2007-07-31	81.41	67.55	14.024	24.48	343.3075	1.7456	406047.3683
TS_07	2007-08-01	89.6	72.41	13.997	31.005	433.977	2.2151	545616.6615
TS_08E	2008-03-31	52.52	43.34	12.549	1.26	15.8117	0.1004	138579.294
TS_08E	2008-04-01	62.15	43.34	12.587	6.075	76.466	0.4826	314372.5025
TS_08E	2008-04-02	61.16	46.4	12.625	5.58	70.4475	0.442	253046.261
TS_08E	2008-04-03	65.3	48.11	12.662	7.65	96.8643	0.6042	312558.8825
TS_08E	2008-04-04	64.76	50.72	12.7	7.74	98.298	0.6094	261505.7996
TS_08E	2008-04-05	66.74	47.48	12.737	8.37	106.6087	0.6571	356888.6498
TS_08E	2008-04-06	66.83	48.83	12.775	8.415	107.5016	0.6587	339764.1172
TS_08E	2008-04-07	60.62	49.19	12.812	5.31	68.0317	0.4145	206025.9768
TS_08E	2008-04-08	54.68	48.83	12.849	2.34	30.0667	0.1821	99971.6437
TS_08E	2008-04-09	60.71	48.83	12.886	5.355	69.0045	0.4156	216085.4034
TS_08E	2008-04-10	51.62	48.47	12.923	0.81	10.4676	0.0627	52653.5832
TS_08E	2008-04-11	67.46	49.01	12.96	8.73	113.1408	0.6736	360927.8953
TS_08E	2008-04-12	68.63	48.38	12.997	9.315	121.0671	0.7167	400252.6765
TS_08E	2008-04-13	52.7	48.425	13.033	1.35	17.5946	0.1036	73431.6766
TS_08E	2008-04-14	61.88	48.47	13.07	5.94	77.6358	0.4545	252785.5767
TS_08E	2008-04-15	68.63	51.62	13.106	10.125	132.6983	0.7725	351341.7223
TS_08E	2008-04-16	69.08	55.13	13.142	12.105	159.0839	0.9211	299263.4616
TS_08E	2008-04-17	67.91	53.96	13.178	10.935	144.1014	0.8298	295236.4844
TS_08E	2008-04-18	59.54	53.96	13.214	6.75	89.1945	0.5108	110585.6221
TS_08E	2008-04-19	61.79	52.79	13.249	7.29	96.5852	0.5502	181016.235
TS_08E	2008-04-20	62.33	57.02	13.285	9.675	128.5324	0.7283	111851.0491
TS_08E	2008-04-21	66.2	54.455	13.32	10.3275	137.5623	0.7753	251424.0366
TS_08E	2008-04-22	69.71	51.89	13.355	10.8	144.234	0.8087	386481.8108
TS_08E	2008-04-23	71.33	52.34	13.389	11.835	158.4588	0.8839	421003.4053
TS_08E	2008-04-24	68	51.71	13.424	9.855	132.2935	0.7341	351411.0407
TS_08E	2008-04-25	64.4	51.71	13.458	8.055	108.4042	0.5985	266865.4156
TS_08E	2008-04-26	61.52	51.08	13.492	6.3	84.9996	0.4669	213989.0517
TS_08E	2008-04-27	65.12	51.71	13.526	8.415	113.8213	0.6221	286630.1828
TS_08E	2008-04-28	66.47	54.5	13.559	10.485	142.1661	0.7733	266211.7084
TS_08E	2008-04-29	71.69	54.5	13.592	13.095	177.9872	0.9634	400744.4798
TS_08E	2008-04-30	77.9	58.73	13.625	18.315	249.5419	1.3442	486229.3866
TS_08E	2008-05-01	74.93	62.96	13.657	18.945	258.7319	1.3872	307848.8537
TS_08E	2008-05-02	70.97	62.96	13.69	16.965	232.2508	1.2392	201056.1126
TS_08E	2008-05-03	69.17	61.61	13.722	15.39	211.1816	1.1216	186164.9674
TS_08E	2008-05-04	69.08	61.61	13.753	15.345	211.0398	1.1158	184653.6284
TS_08E	2008-05-05	69.53	60.26	13.784	14.895	205.3127	1.0806	228597.51
TS_08E	2008-05-06	77.81	61.52	13.815	19.665	271.672	1.4235	433179.1053
TS_08E	2008-05-07	77.72	59.72	13.845	18.72	259.1784	1.3521	474210.9431
TS_08E	2008-05-08	74.3	61.52	13.875	17.91	248.5012	1.2908	334164.6946
TS_08E	2008-05-09	74.39	55.445	13.905	14.9175	207.4278	1.0728	475585.2517
TS_08E	2008-05-10	60.17	55.445	13.934	7.8075	108.7897	0.5603	106063.904
TS_08E	2008-05-11	57.11	49.37	13.963	3.555	49.6385	0.2546	160681.7227
TS_08E	2008-05-12	58.55	49.145	13.991	4.275	59.8115	0.3056	198267.6475
TS_08E	2008-05-13	55.13	48.92	14.019	2.565	35.9587	0.183	126989.4833
TS_08E	2008-05-14	63.14	51.62	14.047	7.38	103.6669	0.5254	260861.6179
TS_08E	2008-05-15	71.15	53.33	14.073	12.24	172.2535	0.8698	439319.676
TS_08E	2008-05-16	72.95	56.93	14.1	14.94	210.654	1.0596	413659.5137
TS_08E	2008-05-17	73.94	57.83	14.126	15.885	224.3915	1.1245	423594.6733
TS_08E	2008-05-18	73.76	58.82	14.151	16.29	230.5198	1.1512	396645.8129
TS_08E	2008-05-19	75.74	59.45	14.176	17.595	249.4267	1.2412	442560.9202
TS_08E	2008-05-20	74.84	59.54	14.2	17.19	244.098	1.2106	414574.663
TS_08E	2008-05-21	75.47	59.63	14.224	17.55	249.6312	1.2338	432966.2195
TS_08E	2008-05-22	79.43	62.6	14.247	21.015	299.4007	1.475	485189.1178
TS_08E	2008-05-23	84.38	67.73	14.269	26.055	371.7788	1.826	515654.8182
TS_08E	2008-05-24	77.72	66.785	14.291	22.2525	318.0105	1.5571	322720.7574
TS_08E	2008-05-25	73.4	65.84	14.313	19.62	280.8211	1.3708	215648.8531
TS_08E	2008-05-26	80.96	66.11	14.333	23.535	337.3272	1.642	448667.6405
TS_08E	2008-05-27	82.67	66.38	14.353	24.525	352.0073	1.7087	500193.9499
TS_08E	2008-05-28	78.08	60.53	14.372	19.305	277.4515	1.3432	502465.3306
TS_08E	2008-05-29	63.14	60.53	14.391	11.835	170.3175	0.8224	66847.7531
TS_08E	2008-05-30	62.78	60.53	14.409	11.655	167.9369	0.8089	57603.4505
TS_08E	2008-05-31	68.675	54.68	14.426	11.6775	168.4596	0.8095	359270.465
TS_08E	2008-06-01	74.57	55.94	14.443	15.255	220.328	1.0562	507190.9166
TS_08E	2008-06-02	71.06	57.155	14.459	14.1075	203.9803	0.9757	372723.1307
TS_08E	2008-06-03	71.915	57.155	14.474	14.535	210.3796	1.0042	399106.5029
TS_08E	2008-06-04	72.77	58.37	14.488	15.57	225.5782	1.0747	396382.5672
TS_08E	2008-06-05	71.78	60.62	14.502	16.2	234.9324	1.1171	310747.7418
TS_08E	2008-06-06	79.97	65.84	14.514	22.905	332.4432	1.5781	434013.9705
TS_08E	2008-06-07	79.07	66.38	14.526	22.725	330.1034	1.5644	389464.0963
TS_08E	2008-06-08	74.21	66.92	14.538	20.565	298.974	1.4146	217448.3912
TS_08E	2008-06-09	72.41	65.615	14.548	19.0125	276.5938	1.3069	198496.9334
TS_08E	2008-06-10	79.7	64.31	14.558	22.005	320.3488	1.5115	469715.2931
TS_08E	2008-06-11	78.44	61.52	14.566	19.98	291.0287	1.3717	502440.8061
TS_08E	2008-06-12	79.295	61.52	14.574	20.4075	297.4189	1.4003	531638.0536
TS_08E	2008-06-13	80.15	58.73	14.582	19.44	283.4741	1.3332	632547.8182
TS_08E	2008-06-14	84.2	61.7	14.588	22.95	334.7946	1.5732	698601.1871
TS_08E	2008-06-15	75.92	64.67	14.593	20.295	296.1649	1.3907	336818.6403
TS_08E	2008-06-16	80.15	67.1	14.598	23.625	344.8777	1.6184	409498.706
TS_08E	2008-06-17	77.99	66.425	14.602	22.2075	324.2739	1.5209	356108.7377
TS_08E	2008-06-18	78.8	65.75	14.605	22.275	325.3264	1.5252	402375.6862
TS_08L	2008-06-23	77.36	64.04	14.607	20.7	302.3649	1.4171	401860.8447
TS_08L	2008-06-24	80.6	66.29	14.605	23.445	342.4142	1.6053	448368.39
TS_08L	2008-06-25	78.17	63.635	14.602	20.9025	305.2183	1.4315	439472.0591
TS_08L	2008-06-26	77.18	60.98	14.598	19.08	278.5298	1.307	476962.3053
TS_08L	2008-06-27	76.19	62.24	14.593	19.215	280.4045	1.3167	411238.3344
TS_08L	2008-06-28	78.17	63.41	14.588	20.79	303.2845	1.4251	444712.9485
TS_08L	2008-06-29	73.58	63.41	14.582	18.495	269.6941	1.2683	296240.2097
TS_08L	2008-06-30	77.54	63.41	14.574	20.475	298.4026	1.4049	423023.771
TS_08L	2008-07-01	77.81	64.58	14.566	21.195	308.7264	1.4551	399686.9287
TS_08L	2008-07-02	79.43	69.35	14.558	24.39	355.0696	1.6754	317839.974
TS_08L	2008-07-03	81.59	71.15	14.548	26.37	383.6308	1.8126	337489.1924
TS_08L	2008-07-04	86.81	73.58	14.538	30.195	438.9749	2.077	448483.4906
TS_08L	2008-07-05	87.08	75.38	14.527	31.23	453.6782	2.1498	401129.1135
TS_08L	2008-07-06	86.27	73.85	14.515	30.06	436.3209	2.071	418987.6844
TS_08L	2008-07-07	79.52	72.32	14.502	25.92	375.8918	1.7873	229918.8048
TS_08L	2008-07-08	78.08	71.51	14.488	24.795	359.23	1.7114	206293.1495
TS_08L	2008-07-09	79.97	71.51	14.474	25.74	372.5608	1.7784	268474.3478
TS_08L	2008-07-10	81.59	70.7	14.459	26.145	378.0306	1.8082	346717.5155
TS_08L	2008-07-11	84.29	73.49	14.444	28.89	417.2872	2.0001	355509.0548
TS_08L	2008-07-12	92.39	75.38	14.427	33.885	488.8589	2.3487	593978.4404
TS_08L	2008-07-13	90.68	75.29	14.41	32.985	475.3139	2.289	530391.0359
TS_08L	2008-07-14	90.59	77.63	14.392	34.11	490.9111	2.3701	451569.8429
TS_08L	2008-07-15	88.34	75.83	14.374	32.085	461.1898	2.2322	424332.5908
TS_08L	2008-07-16	88.97	74.03	14.355	31.5	452.1825	2.1944	501816.1054
TS_08L	2008-07-17	87.98	77.18	14.335	32.58	467.0343	2.2728	366542.2355
TS_08L	2008-07-18	88.79	75.56	14.314	32.175	460.5529	2.2478	445503.9699
TS_08L	2008-07-19	92.12	75.56	14.293	33.84	483.6751	2.3676	567268.1303
TS_08L	2008-07-20	89.69	73.94	14.272	31.815	454.0637	2.2292	524944.2253
TS_08L	2008-07-21	86.9	74.75	14.249	30.825	439.2254	2.1633	398768.4221
TS_08L	2008-07-22	90.77	77	14.226	33.885	482.048	2.3819	467534.7045
TS_08L	2008-07-23	92.03	79.34	14.203	35.685	506.8341	2.5125	438688.8467
TS_08L	2008-07-24	90.59	79.88	14.179	35.235	499.5971	2.485	367052.8808
TS_08L	2008-07-25	92.84	78.08	14.154	35.46	501.9008	2.5053	505402.7773
TS_08L	2008-07-26	88.25	76.28	14.129	32.265	455.8722	2.2836	393153.4566
TS_08L	2008-07-27	91.85	77	14.104	34.425	485.5302	2.4408	498783.5446
TS_08L	2008-07-28	93.11	75.65	14.078	34.38	484.0016	2.4421	583976.9127
TS_08L	2008-07-29	91.04	74.075	14.051	32.5575	457.4654	2.3171	553037.8563
TS_08L	2008-07-30	88.52	74.075	14.024	31.2975	438.9161	2.2317	461921.8849
TS_08L	2008-07-31	87.44	72.5	13.997	29.97	419.4901	2.1412	468142.0088
TS_08L	2008-08-01	88.34	74.84	13.969	31.59	441.2807	2.2614	429864.2538
TS_08L	2008-08-02	88.52	77.81	13.94	33.165	462.3201	2.3791	346166.9534
TS_08L	2008-08-03	92.03	80.69	13.911	36.36	505.804	2.6138	379028.9524
TS_08L	2008-08-04	94.82	81.86	13.882	38.34	532.2359	2.7618	441261.9423
TS_08L	2008-08-05	87.08	80.06	13.853	33.57	465.0452	2.4233	225167.2265
TS_08L	2008-08-06	94.01	78.26	13.823	36.135	499.4941	2.6141	518435.6141
TS_08L	2008-08-07	92.48	81.14	13.792	36.81	507.6835	2.6689	374513.3501
TS_08L	2008-08-08	95	81.59	13.761	38.295	526.9775	2.7829	448430.2219
TS_08L	2008-08-09	91.76	78.575	13.73	35.1675	482.8498	2.5614	423374.8965
TS_08L	2008-08-10	85.01	75.56	13.699	30.285	414.8742	2.2107	284756.6973
TS_08L	2008-08-11	90.14	75.38	13.667	32.76	447.7309	2.397	456334.4162
TS_08L	2008-08-12	91.49	77.36	13.635	34.425	469.3849	2.5248	443561.1608
TS_08L	2008-08-13	90.05	79.7	13.603	34.875	474.4046	2.5638	325101.9159
TS_08L	2008-08-14	93.56	81.32	13.57	37.44	508.0608	2.759	394167.9038
TS_08L	2008-08-15	94.64	82.13	13.537	38.385	519.6177	2.8356	405238.5283
TS_08L	2008-08-16	93.92	75.875	13.504	34.8975	471.2558	2.5842	558735.9845
TS_08L	2008-08-17	89.78	75.875	13.471	32.8275	442.2193	2.4369	417998.9726
TS_08L	2008-08-18	85.64	69.62	13.437	27.63	371.2643	2.0563	449083.1166
TS_08L	2008-08-19	93.2	75.92	13.403	34.56	463.2077	2.5785	524979.9816
TS_08L	2008-08-20	90.86	71.69	13.369	31.275	418.1155	2.3394	556938.1056
TS_08L	2008-08-21	88.34	71.69	13.334	30.015	400.22	2.251	473736.1701
TS_08L	2008-08-22	78.35	67.46	13.3	22.905	304.6365	1.7222	280878.4835
TS_08L	2008-08-23	74.84	68.36	13.265	21.6	286.524	1.6283	163279.8273
TS_08L	2008-08-24	78.8	68.9	13.23	23.85	315.5355	1.8027	255938.3574
TS_08L	2008-08-25	79.25	68.945	13.195	24.0975	317.9665	1.8263	265888.979
TS_08L	2008-08-26	76.55	68.945	13.159	22.7475	299.3344	1.7287	191598.9219
TS_08L	2008-08-27	84.74	68.99	13.124	26.865	352.5763	2.047	417034.1585
TS_08L	2008-08-28	86.18	72.59	13.088	29.385	384.5909	2.2452	369602.1375
TS_08L	2008-08-29	86.72	74.12	13.052	30.42	397.0418	2.3307	345238.1175
TS_08L	2008-08-30	85.1	73.58	13.016	29.34	381.8894	2.2541	309691.8317
TS_08L	2008-08-31	86.09	73.04	12.98	29.565	383.7537	2.2777	349874.233
TS_08L	2008-09-01	86.45	74.75	12.944	30.6	396.0864	2.364	316000.6004
TS_08L	2008-09-02	88.43	77.54	12.908	32.985	425.7704	2.5554	301144.813
TS_08L	2008-09-03	88.79	79.7	12.871	34.245	440.7674	2.6606	253724.6103
TS_08L	2008-09-04	86.54	76.865	12.834	31.7025	406.8699	2.4702	260399.6432
TS_08L	2008-09-05	85.19	74.03	12.798	29.61	378.9488	2.3136	291035.5396
TS_08L	2008-09-06	87.62	75.11	12.761	31.365	400.2488	2.4579	331508.2581
TS_08L	2008-09-07	88.34	75.11	12.724	31.725	403.6689	2.4933	350099.9832
TS_08L	2008-09-08	89.15	75.11	12.687	32.13	407.6333	2.5325	371207.5545
TS_08L	2008-09-09	86.36	75.11	12.65	30.735	388.7978	2.4296	290686.8721
TS_08L	2008-09-10	83.66	75.11	12.613	29.385	370.633	2.3297	215959.0215
TS_09	2009-04-28	63.68	48.47	13.526	6.84	92.5178	0.5057	312080.9491
TS_09	2009-04-29	69.17	48.56	13.559	9.585	129.963	0.7069	446087.9143
TS_09	2009-04-30	71.96	53.33	13.592	12.645	171.8708	0.9303	431217.1212
TS_09	2009-05-01	74.21	58.91	13.625	16.56	225.63	1.2154	378100.944
TS_09	2009-05-02	75.83	60.08	13.657	17.955	245.2114	1.3147	399247.8531
TS_09	2009-05-03	73.31	62.33	13.69	17.82	243.9558	1.3017	279123.8954
TS_09	2009-05-04	73.94	60.485	13.722	17.2125	236.1899	1.2544	340563.8739
TS_09	2009-05-05	67.19	60.485	13.753	13.8375	190.3071	1.0061	161919.6419
TS_09	2009-05-06	66.29	58.64	13.784	12.465	171.8176	0.9043	181584.4705
TS_09	2009-05-07	67.64	59	13.815	13.32	184.0158	0.9642	208826.891
TS_09	2009-05-08	69.08	59.63	13.845	14.355	198.745	1.0368	233147.1006
TS_09	2009-05-09	78.08	61.07	13.875	19.575	271.6031	1.4108	455673.2222
TS_09	2009-05-10	80.06	63.14	13.905	21.6	300.348	1.5534	468473.86
TS_09	2009-05-11	76.01	63.5	13.934	19.755	275.2662	1.4178	338855.2829
TS_09	2009-05-12	76.19	67.1	13.963	21.645	302.2291	1.5502	253943.5824
TS_09	2009-05-13	78.44	60.44	13.991	19.44	271.985	1.3895	489338.8828
TS_09	2009-05-14	73.58	60.44	14.019	17.01	238.4632	1.2134	346097.9687
TS_09	2009-05-15	68.27	53.78	14.047	11.025	154.8682	0.7849	348958.1405
TS_09	2009-05-16	67.37	59	14.073	13.185	185.5525	0.9369	209480.1223
TS_09	2009-05-17	75.83	61.43	14.1	18.63	262.683	1.3213	392956.7126
TS_09	2009-05-18	84.29	62.825	14.126	23.5575	332.7732	1.6677	630124.3359
TS_09	2009-05-19	75.47	64.22	14.151	19.845	280.8266	1.4024	314696.6369
TS_09	2009-05-20	84.92	64.22	14.176	24.57	348.3043	1.7332	620400.1488
TS_09	2009-05-21	81.41	64.76	14.2	23.085	327.807	1.6257	490737.418
TS_09	2009-05-22	76.82	68.54	14.224	22.68	322.6003	1.5945	243511.0864
TS_09	2009-05-23	82.4	64.625	14.247	23.5125	334.9826	1.6503	530453.8991
TS_09	2009-05-24	68.45	64.625	14.269	16.5375	235.9736	1.159	103637.0376
TS_09	2009-05-25	72.95	60.71	14.291	16.83	240.5175	1.1777	334124.3393
TS_09	2009-05-26	77.9	61.7	14.313	19.8	283.3974	1.3834	463299.4401
TS_09	2009-05-27	78.26	61.475	14.333	19.8675	284.7609	1.3861	481837.6661
TS_09	2009-05-28	67.55	61.475	14.353	14.5125	208.2979	1.0111	161475.0842
TS_09	2009-05-29	67.28	61.25	14.372	14.265	205.0166	0.9926	160087.0629
TS_09	2009-05-30	69.35	62.15	14.391	15.75	226.6583	1.0944	196083.1141
TS_09	2009-05-31	76.1	61.925	14.409	19.0125	273.9511	1.3195	406208.0316
TS_09	2009-06-01	72.77	61.7	14.426	17.235	248.6321	1.1947	309788.2073
TS_09	2009-06-02	77.36	61.43	14.443	19.395	280.122	1.3429	461199.4429
TS_09	2009-06-03	76.73	63.005	14.459	19.8675	287.2642	1.3741	400953.5544
TS_09	2009-06-04	74.3	63.005	14.474	18.6525	269.9763	1.2887	324900.0097
TS_09	2009-06-05	70.88	63.005	14.488	16.9425	245.4629	1.1694	221309.1448
TS_09	2009-06-06	74.3	64.58	14.502	19.44	281.9189	1.3405	283897.6348
TS_09	2009-06-07	83.03	63.815	14.514	23.4225	339.9542	1.6138	594393.1419
TS_09	2009-06-08	68.72	63.05	14.526	15.885	230.7455	1.0936	157649.1685
TS_09	2009-06-09	75.83	64.85	14.538	20.34	295.7029	1.3991	326470.5635
TS_09	2009-06-10	79.07	65.615	14.548	22.3425	325.0387	1.5358	412015.7287
TS_09	2009-06-11	76.28	66.38	14.558	21.33	310.5221	1.4652	299323.5204
TS_09	2009-06-12	82.4	66.11	14.566	24.255	353.2983	1.6652	513283.6063
TS_09	2009-06-13	80.15	64.13	14.574	22.14	322.6684	1.5191	490937.465
TS_09	2009-06-14	73.85	64.13	14.582	18.99	276.9122	1.3023	285178.3772
TS_09	2009-06-15	75.02	64.13	14.588	19.575	285.5601	1.3419	322479.8623
TS_09	2009-06-16	73.76	62.15	14.593	17.955	262.0173	1.2304	336025.9342
TS_09	2009-06-17	76.73	64.4	14.598	20.565	300.2079	1.4088	370825.1122
TS_09	2009-06-18	75.29	66.29	14.602	20.79	303.5756	1.4238	271687.1547
TS_09	2009-06-19	78.35	66.065	14.605	22.2075	324.3405	1.5205	378434.3832
TS_09	2009-06-20	80.96	65.84	14.607	23.4	341.8038	1.602	473587.1448
TS_09	2009-06-21	76.55	70.7	14.608	23.625	345.114	1.6173	183819.9696
TS_09	2009-06-22	80.285	71.33	14.609	25.8075	377.0218	1.7665	289766.876
TS_09	2009-06-23	84.02	71.555	14.608	27.7875	405.9198	1.9022	413822.0358
TS_09	2009-06-24	79.52	71.78	14.607	25.65	374.6695	1.756	249862.9984
TS_09	2009-06-25	81.95	71.69	14.605	26.82	391.7061	1.8364	336244.1846
TS_09	2009-06-26	86.36	71.6	14.602	28.98	423.166	1.9847	497116.4915
TS_09	2009-06-27	86.9	72.41	14.598	29.655	432.9037	2.0314	491924.1476
TS_09	2009-06-28	77.63	70.61	14.593	24.12	351.9832	1.6528	221611.1888
TS_09	2009-06-29	85.73	68.81	14.588	27.27	397.8148	1.8693	556458.4938
TS_09	2009-06-30	76.73	68.855	14.582	22.7925	332.3602	1.5631	243781.8571
TS_09	2009-07-01	79.43	68.9	14.574	24.165	352.1807	1.6581	331753.0301
TS_09	2009-07-02	72.32	68.9	14.566	20.61	300.2053	1.4149	102471.4601
TS_09	2009-07-03	79.25	67.82	14.558	23.535	342.6225	1.6166	356265.4874
TS_09	2009-07-04	81.14	68.54	14.548	24.84	361.3723	1.7075	399154.3847
TS_09	2009-07-05	79.25	70.25	14.538	24.75	359.8155	1.7024	284376.0589
TS_09	2009-07-06	83.165	72.32	14.527	27.7425	403.0153	1.9097	355852.4231
TS_09	2009-07-07	87.08	74.3	14.515	30.69	445.4654	2.1144	434524.877
TS_09	2009-07-08	82.04	77.18	14.502	29.61	429.4042	2.0418	162738.2683
TS_09	2009-07-09	86	76.82	14.488	31.41	455.0681	2.168	313738.1319
TS_09	2009-07-10	84.2	74.57	14.474	29.385	425.3185	2.0302	320311.0112
TS_09	2009-07-11	81.32	74.57	14.459	27.945	404.0568	1.9327	219987.7741
TS_09	2009-07-12	84.56	72.32	14.444	28.44	410.7874	1.969	400612.0036
TS_09	2009-07-13	89.87	76.1	14.427	32.985	475.8746	2.2863	475680.7733
TS_09	2009-07-14	88.34	76.28	14.41	32.31	465.5871	2.2422	412247.3445
TS_09	2009-07-15	90.32	76.64	14.392	33.48	481.8442	2.3263	473086.8038
TS_09	2009-07-16	93.11	76.64	14.374	34.875	501.2933	2.4263	577641.8672
ISA_08	2008-04-22	67.28	48.38	13.368	8.64	115.4995	0.6463	390641.0386
ISA_08	2008-04-23	77.99	52.97	13.403	15.48	207.4784	1.155	588613.2132
ISA_08	2008-04-24	68.315	48.605	13.438	9.1575	123.0585	0.6815	416145.0226
ISA_08	2008-04-25	58.64	48.605	13.473	4.32	58.2034	0.3206	195354.3337
ISA_08	2008-04-26	70.97	44.24	13.507	10.485	141.6209	0.7763	561832.5998
ISA_08	2008-04-27	62.87	44.96	13.541	6.435	87.1363	0.4752	354108.7573
ISA_08	2008-04-28	63.68	44.96	13.575	6.84	92.853	0.5039	374779.0257
ISA_08	2008-04-29	75.38	45.68	13.608	12.69	172.6855	0.9325	665802.9577
ISA_08	2008-04-30	80.24	55.58	13.642	17.91	244.3282	1.3129	623322.6219
ISA_08	2008-05-01	77.18	59.18	13.674	18.18	248.5933	1.3295	458934.4389
ISA_08	2008-05-02	78.26	56.48	13.707	17.37	238.0906	1.2672	551365.0633
ISA_08	2008-05-03	72.23	56.66	13.739	14.445	198.4599	1.0514	378807.0764
ISA_08	2008-05-04	85.28	57.02	13.771	21.15	291.2566	1.5358	762619.6902
ISA_08	2008-05-05	76.64	53.06	13.803	14.85	204.9745	1.0759	582680.8604
ISA_08	2008-05-06	71.96	49.1	13.834	10.98	151.8973	0.7937	529629.8309
ISA_08	2008-05-07	73.67	55.49	13.864	14.58	202.1371	1.0516	451335.0013
ISA_08	2008-05-08	74.66	55.04	13.895	14.85	206.3407	1.0687	491310.5403
ISA_08	2008-05-09	66.83	51.53	13.925	9.18	127.8315	0.6592	351145.2476
ISA_08	2008-05-10	57.2	51.53	13.954	4.365	60.9092	0.3128	120041.0773
ISA_08	2008-05-11	62.06	48.02	13.983	6.03	84.3175	0.4312	302187.3248
ISA_08	2008-05-12	66.2	47.75	14.012	8.1	113.4972	0.5781	412772.6916
ISA_08	2008-05-13	70.07	50.63	14.04	10.35	145.314	0.7372	462527.6992
ISA_08	2008-05-14	64.58	50.225	14.068	7.4025	104.1384	0.5262	326158.5134
ISA_08	2008-05-15	66.83	49.82	14.095	8.415	118.6094	0.597	394202.3574
ISA_08	2008-05-16	72.32	49.19	14.122	11.16	157.6015	0.7903	560505.7445
ISA_08	2008-05-17	72.14	50.72	14.148	11.43	161.7116	0.8079	526768.8431
ISA_08	2008-05-18	79.43	52.25	14.174	15.84	224.5162	1.1175	719041.7821
ISA_08	2008-05-19	75.29	52.115	14.199	13.7025	194.5618	0.965	595280.6056
ISA_08	2008-05-20	67.37	52.115	14.223	9.7425	138.5676	0.685	368729.615
ISA_08	2008-05-21	74.12	51.98	14.247	13.05	185.9233	0.916	566682.1745
ISA_08	2008-05-22	80.51	56.3	14.271	18.405	262.6578	1.2897	674561.3354
ISA_08	2008-05-23	79.34	59.9	14.293	19.62	280.4287	1.3727	552976.9931
ISA_08	2008-05-24	75.38	60.98	14.315	18.18	260.2467	1.27	402376.1115
ISA_08	2008-05-25	70.61	62.06	14.337	16.335	234.1949	1.1394	233160.7343
ISA_08	2008-05-26	74.84	59.81	14.358	17.325	248.7524	1.2066	417208.5849
ISA_08	2008-05-27	72.95	57.56	14.378	15.255	219.3364	1.061	415221.0555
ISA_08	2008-05-28	80.6	57.74	14.398	19.17	276.0097	1.3314	655583.9851
ISA_08	2008-05-29	76.55	60.35	14.416	18.45	265.9752	1.2798	460901.3816
ISA_08	2008-05-30	75.65	62.24	14.435	18.945	273.4711	1.3124	385296.555
ISA_08	2008-05-31	66.02	58.415	14.452	12.2175	176.5673	0.8454	197650.3903
ISA_08	2008-06-01	74.93	54.59	14.469	14.76	213.5624	1.0201	551524.5102
ISA_08	2008-06-02	74.03	59.9	14.485	16.965	245.738	1.1712	397060.8151
ISA_08	2008-06-03	70.34	60.98	14.5	15.66	227.07	1.08	258429.8808
ISA_08	2008-06-04	74.48	60.89	14.514	17.685	256.6801	1.2185	387539.6325
ISA_08	2008-06-05	74.66	63.14	14.528	18.9	274.5792	1.3009	335052.8828
ISA_08	2008-06-06	73.58	61.925	14.541	17.7525	258.1391	1.2209	333930.5458
ISA_08	2008-06-07	76.19	60.71	14.553	18.45	268.5029	1.2678	448827.5047
ISA_08	2008-06-08	77.54	63.32	14.565	20.43	297.563	1.4027	424921.0621
ISA_08	2008-06-09	77.9	62.375	14.575	20.1375	293.5041	1.3816	462624.9094
ISA_08	2008-06-10	80.15	61.43	14.585	20.79	303.2221	1.4254	563794.2202
ISA_08	2008-06-11	76.82	59.585	14.594	18.2025	265.6473	1.2473	500714.6076
ISA_08	2008-06-12	80.96	59.585	14.602	20.2725	296.019	1.3883	640539.9351
ISA_08	2008-06-13	84.47	57.74	14.609	21.105	308.3229	1.4447	811278.6992
ISA_08	2008-06-14	71.96	57.965	14.616	14.9625	218.6919	1.0237	388438.8834
ISA_08	2008-06-15	75.38	58.19	14.621	16.785	245.4135	1.148	490838.8805
ISA_08	2008-06-16	77.18	60.71	14.626	18.945	277.0896	1.2953	485822.3707
ISA_08	2008-06-17	79.34	61.34	14.63	20.34	297.5742	1.3903	541992.7997
ISA_08	2008-06-18	83.84	62.78	14.633	23.31	341.0952	1.593	661177.8976
ISA_08	2008-06-19	83.48	66.515	14.635	24.9975	365.8384	1.7081	545024.5937
ISA_08	2008-06-20	82.85	70.25	14.636	26.55	388.5858	1.814	413228.7575
ISA_08	2008-06-21	84.56	67.685	14.637	26.1225	382.355	1.7847	550415.8933
ISA_08	2008-06-22	75.38	67.685	14.636	21.5325	315.1497	1.4712	235823.3611
ISA_08	2008-06-23	70.88	67.685	14.635	19.2825	282.1994	1.3176	94822.1639
ISA_08	2008-06-24	75.92	65.12	14.633	20.52	300.2692	1.4023	326161.5783
ISA_08	2008-06-25	76.55	66.2	14.63	21.375	312.7163	1.461	316231.4934
ISA_08	2008-06-26	74.03	64.85	14.626	19.44	284.3294	1.3291	272730.386
ISA_08	2008-06-27	75.83	64.85	14.621	20.34	297.3911	1.3911	330208.9605
ISA_08	2008-06-28	82.4	63.5	14.616	22.95	335.4372	1.5702	589079.8462
ISA_08	2008-06-29	77.45	68.18	14.609	22.815	333.3043	1.5617	288118.7765
ISA_08	2008-06-30	73.58	66.92	14.602	20.25	295.6905	1.3868	199514.8572
ISA_08	2008-07-01	76.46	65.345	14.594	20.9025	305.0511	1.4323	335698.7275
ISA_08	2008-07-02	87.44	63.77	14.585	25.605	373.4489	1.7556	761362.7733
ISA_08	2008-07-03	91.04	67.82	14.575	29.43	428.9423	2.0192	783599.0494
ISA_08	2008-07-04	87.26	71.87	14.565	29.565	430.6142	2.0299	519531.2319
ISA_08	2008-07-05	90.14	73.22	14.554	31.68	461.0707	2.1767	585478.329
ISA_08	2008-07-06	89.24	74.48	14.541	31.86	463.2763	2.191	510947.928
ISA_08	2008-07-07	88.7	72.95	14.529	30.825	447.8564	2.1216	537437.1885
ISA_08	2008-07-08	84.92	71.42	14.515	28.17	408.8876	1.9408	444670.129
ISA_08	2008-07-09	80.87	72.14	14.501	26.505	384.349	1.8278	280885.9162
ISA_08	2008-07-10	86.81	71.51	14.485	29.16	422.3826	2.0131	508234.5803
FU_08	2008-06-03	73.52	61.22	14.244	17.37	247.4183	1.2195	336252.5484
FU_08	2008-06-04	80.36	64.58	14.257	22.47	320.3548	1.5761	464891.4458
FU_08	2008-06-05	79.4	64.4	14.269	21.9	312.4911	1.5348	439174.6067
FU_08	2008-06-06	78.08	63.14	14.281	20.61	294.3314	1.4432	430292.7641
FU_08	2008-06-07	82.28	61.88	14.291	22.08	315.5453	1.545	600620.5392
FU_08	2008-06-08	75.38	64.22	14.301	19.8	283.1598	1.3845	318626.8912
FU_08	2008-06-09	82.1	65.3	14.311	23.7	339.1707	1.6561	507162.0267
FU_08	2008-06-10	81.86	67.82	14.319	24.84	355.684	1.7348	430879.925
FU_08	2008-06-11	71.12	64.22	14.327	17.67	253.1581	1.2333	191683.9652
FU_08	2008-06-12	77.48	64.22	14.334	20.85	298.8639	1.4546	386054.1048
FU_08	2008-06-13	85.64	60.62	14.341	23.13	331.7073	1.6129	752613.0526
FU_08	2008-06-14	80.36	60.95	14.347	20.655	296.3373	1.4397	564573.6808
FU_08	2008-06-15	78.44	61.28	14.351	19.86	285.0109	1.3839	493787.611
FU_08	2008-06-16	76.52	63.92	14.356	20.22	290.2783	1.4085	364693.7035
FU_08	2008-06-17	84.02	69.32	14.359	26.67	382.9545	1.8574	464751.9115
FU_08	2008-06-18	88.58	72.92	14.362	30.75	441.6315	2.1411	521667.9183
FU_08	2008-06-19	79.46	73.64	14.364	26.55	381.3642	1.8484	183843.7916
FU_08	2008-06-20	78.44	69.74	14.365	24.09	346.0528	1.677	266023.5617
FU_08	2008-06-21	77.12	69.74	14.365	23.43	336.572	1.631	223651.1555
FU_08	2008-06-22	77.3	69.74	14.365	23.52	337.8648	1.6373	229386.8672
FU_08	2008-06-23	76.34	69.74	14.364	23.04	330.9466	1.604	198923.2237
FU_08	2008-06-24	80.72	65.84	14.362	23.28	334.3474	1.6209	449829.8098
FU_08	2008-06-25	73.1	69.26	14.359	21.18	304.1236	1.475	112711.3352
FU_08	2008-06-26	78.2	66.86	14.356	22.53	323.4407	1.5694	339021.8013
FU_08	2008-06-27	80.87	64.46	14.352	22.665	325.2881	1.5792	491234.3255
FU_08	2008-06-28	81.305	67.76	14.347	24.5325	351.9678	1.7099	415601.2933
FU_08	2008-06-29	81.74	66.2	14.341	23.97	343.7538	1.6714	472819.6318
FU_08	2008-06-30	77.42	66.2	14.335	21.81	312.6463	1.5215	331133.5414
FU_08	2008-07-01	83.54	64.64	14.327	24.09	345.1374	1.6814	574859.7695
FU_08	2008-07-02	86.36	70.46	14.319	28.41	406.8028	1.9841	511238.971
FU_08	2008-07-03	88.1	73.1	14.311	30.6	437.9166	2.1382	495217.8154
FU_08	2008-07-04	89.6	75.74	14.302	32.67	467.2463	2.2843	468742.9091
FU_08	2008-07-05	87.62	75.44	14.292	31.53	450.6268	2.2061	405677.332
FU_08	2008-07-06	92.48	74.6	14.281	33.54	478.9847	2.3486	609269.1934
FU_08	2008-07-07	92.66	74.6	14.269	33.63	479.8665	2.3569	615030.8695
FU_08	2008-07-08	91.52	73.76	14.257	32.64	465.3485	2.2894	596649.8899
FU_08	2008-07-09	90.62	72.5	14.245	31.56	449.5722	2.2155	599777.6983
FU_08	2008-07-10	91.88	71.24	14.231	31.56	449.1304	2.2177	681848.2701
FU_08	2008-07-11	91.34	75.14	14.217	33.24	472.5731	2.338	545121.1201
FU_08	2008-07-12	90.38	77.81	14.202	34.095	484.2172	2.4007	426416.9553
FU_08	2008-07-13	92.9	77	14.187	34.95	495.8357	2.4635	543715.4084
FU_08	2008-07-14	91.88	77.45	14.171	34.665	491.2377	2.4462	490683.2527
FU_08	2008-07-15	93.02	77.24	14.154	35.13	497.23	2.482	538242.5291
FU_08	2008-07-16	94.04	77.78	14.137	35.91	507.6597	2.5401	558352.8946
FU_08	2008-07-17	95.06	78.26	14.119	36.66	517.6025	2.5965	580451.3673
FU_08	2008-07-18	92	76.82	14.101	34.41	485.2154	2.4403	509560.1921
FU_08	2008-07-19	92.6	79.22	14.082	35.91	505.6846	2.5501	455888.3646
FU_08	2008-07-20	94.16	80.66	14.062	37.41	526.0594	2.6604	466679.8736
FU_08	2008-07-21	89.54	79.64	14.042	34.59	485.7128	2.4633	330249.4877
FU_08	2008-07-22	95	78.62	14.022	36.81	516.1498	2.6252	559156.7537
FU_08	2008-07-23	94.34	79.25	14.001	36.795	515.1668	2.628	513490.0755
FU_08	2008-07-24	94.16	78.98	13.979	36.57	511.212	2.6161	513595.7183
FU_08	2008-07-25	97.04	79.22	13.957	38.13	532.1804	2.732	611850.9272
FU_08	2008-07-26	96.74	80.24	13.934	38.49	536.3197	2.7623	566969.5661
FU_08	2008-07-27	96.5	80.42	13.911	38.46	535.0171	2.7647	550528.3348
FU_08	2008-07-28	96.26	79.43	13.888	37.845	525.5914	2.725	570309.4587
FU_08	2008-07-29	95.42	78.44	13.864	36.93	511.9975	2.6637	567432.8319
FU_08	2008-07-30	94.04	77.585	13.84	35.8125	495.645	2.5876	540941.8938
FU_08	2008-07-31	96.08	76.73	13.815	36.405	502.9351	2.6352	638192.3853
FU_08	2008-08-01	96.32	77.96	13.79	37.14	512.1606	2.6933	608483.436
FU_08	2008-08-02	96.56	79.16	13.764	37.86	521.105	2.7507	579241.6351
FU_08	2008-08-03	93.44	79.34	13.738	36.39	499.9258	2.6489	459790.0898
FU_08	2008-08-04	90.2	79.16	13.712	34.68	475.5322	2.5292	351545.4874
FU_08	2008-08-05	92.06	77.42	13.685	34.74	475.4169	2.5385	464674.8159
FU_08	2008-08-06	92.84	75.68	13.658	34.26	467.9231	2.5084	539439.7566
FU_08	2008-08-07	94.28	78.08	13.63	36.18	493.1334	2.6544	518732.205
FU_08	2008-08-08	94.88	77.27	13.603	36.075	490.7282	2.652	560965.0177
FU_08	2008-08-09	93.74	76.46	13.575	35.1	476.4825	2.5856	541979.6378
FU_08	2008-08-10	95.6	75.38	13.546	35.49	480.7475	2.62	634378.7203
FU_08	2008-08-11	96.56	77.3	13.518	36.93	499.2197	2.7319	611900.5482
FU_08	2008-08-12	94.52	78.02	13.489	36.27	489.246	2.6889	518004.1597
FU_08	2008-08-13	94.58	77.84	13.459	36.21	487.3504	2.6904	522839.8491
FU_08	2008-08-14	94.64	77.66	13.43	36.15	485.4945	2.6917	527685.2911
FU_08	2008-08-15	89.78	77	13.4	33.39	447.426	2.4918	382722.8747
FU_08	2008-08-16	88.4	77	13.37	32.7	437.199	2.4458	337056.8604
FU_08	2008-08-17	88.04	76.34	13.34	32.19	429.4146	2.413	342252.3959
FU_08	2008-08-18	93.26	78.17	13.31	35.715	475.3667	2.6833	458281.3417
FU_08	2008-08-19	86.36	74.015	13.279	30.1875	400.8598	2.2733	349106.9586
FU_08	2008-08-20	86.24	74.015	13.248	30.1275	399.1291	2.2741	343843.7188
FU_08	2008-08-21	87.2	69.86	13.217	28.53	377.081	2.1586	475751.8286
ISI_08	2008-06-25	91.04	83.66	13.633	37.35	509.1925	2.7397	239625.0057
ISI_08	2008-06-26	91.4	83.66	13.63	37.53	511.5339	2.7535	251721.0858
ISI_08	2008-06-27	89.6	83.66	13.628	36.63	499.1936	2.6878	191138.8659
ISI_08	2008-06-28	90.68	84.02	13.624	37.35	508.8564	2.7415	215961.5342
ISI_08	2008-06-29	90.68	82.31	13.62	36.495	497.0619	2.6795	268596.6995
ISI_08	2008-06-30	90.14	80.6	13.616	35.37	481.5979	2.5977	301983.1683
ISI_08	2008-07-01	90.5	83.66	13.611	37.08	504.6959	2.7243	220690.9813
ISI_08	2008-07-02	91.22	83.66	13.606	37.44	509.4086	2.7517	244750.0974
ISI_08	2008-07-03	91.4	83.66	13.6	37.53	510.408	2.7596	250614.2154
ISI_08	2008-07-04	91.4	84.02	13.594	37.71	512.6297	2.774	239237.91
ISI_08	2008-07-05	91.04	84.02	13.587	37.53	509.9201	2.7622	226866.9263
ISI_08	2008-07-06	91.94	81.41	13.58	36.675	498.0465	2.7007	336629.1784
ISI_08	2008-07-07	90.5	81.41	13.573	35.955	488.0172	2.649	287883.4653
ISI_08	2008-07-08	89.06	78.8	13.564	33.93	460.2265	2.5015	316861.9874
ISI_08	2008-07-09	91.94	79.43	13.556	35.685	483.7459	2.6324	393962.8103
ISI_08	2008-07-10	90.5	80.06	13.547	35.28	477.9382	2.6043	326786.3801
ISI_08	2008-07-11	91.4	80.06	13.537	35.73	483.677	2.6394	356304.0278
ISI_08	2008-07-12	90.86	80.06	13.528	35.46	479.7029	2.6212	337818.8108
ISI_08	2008-07-13	92.3	80.06	13.517	36.18	489.0451	2.6766	385459.3022
ISI_08	2008-07-14	92.66	82.22	13.507	37.44	505.7021	2.7719	333087.5829
ISI_08	2008-07-15	93.38	81.86	13.495	37.62	507.6819	2.7877	367647.402
ISI_08	2008-07-16	90.05	81.5	13.484	35.775	482.3901	2.6531	266682.3815
ISI_08	2008-07-17	86.72	80.78	13.472	33.75	454.68	2.5052	180578.2353
ISI_08	2008-07-18	88.34	82.04	13.46	35.19	473.6574	2.6144	194468.5084
ISI_08	2008-07-19	89.06	82.22	13.447	35.64	479.2511	2.6504	211842.7306
ISI_08	2008-07-20	89.96	82.4	13.434	36.18	486.0421	2.6932	235162.9875
ISI_08	2008-07-21	89.42	82.4	13.42	35.91	481.9122	2.6759	217228.0274
ISI_08	2008-07-22	90.5	82.76	13.406	36.63	491.0618	2.7324	241011.464
ISI_08	2008-07-23	90.86	82.94	13.392	36.9	494.1648	2.7554	246868.5891
ISI_08	2008-07-24	93.38	81.41	13.378	37.395	500.2703	2.7953	374449.3801
ISI_08	2008-07-25	92.48	81.41	13.363	36.945	493.696	2.7647	343740.0732
ISI_08	2008-07-26	89.33	81.41	13.348	35.37	472.1188	2.6498	240931.0951
ISI_08	2008-07-27	86.18	81.41	13.332	33.795	450.5549	2.5349	142087.8982
ISI_08	2008-07-28	86.54	81.41	13.316	33.975	452.4111	2.5514	152772.4158
ISI_08	2008-07-29	86.9	79.88	13.3	33.39	444.087	2.5105	207102.0337
ISI_08	2008-07-30	87.62	79.7	13.284	33.66	447.1394	2.5339	233846.4446
ISI_08	2008-07-31	88.88	79.7	13.267	34.29	454.9254	2.5846	272391.9
ISI_08	2008-08-01	89.78	79.52	13.25	34.65	459.1125	2.6151	304955.2226
ISI_08	2008-08-02	88.52	81.86	13.232	35.19	465.6341	2.6595	198675.2771
ISI_08	2008-08-03	89.42	82.4	13.215	35.91	474.5506	2.7174	210642.0932
ISI_08	2008-08-04	90.14	81.14	13.197	35.64	470.3411	2.7006	268472.3703
ISI_08	2008-08-05	89.6	79.88	13.179	34.74	457.8385	2.636	286120.9354
ISI_08	2008-08-06	90.5	80.06	13.161	35.28	464.3201	2.6806	308429.1836
ISI_08	2008-08-07	92.12	80.24	13.142	36.18	475.4776	2.753	353651.7828
ISI_08	2008-08-08	90.68	80.87	13.123	35.775	469.4753	2.7261	289818.422
ISI_08	2008-08-09	87.62	80.87	13.104	34.245	448.7465	2.6133	195292.5481
ISI_08	2008-08-10	86.18	80.87	13.085	33.525	438.6746	2.5621	151875.7568
ISI_08	2008-08-11	87.62	80.87	13.066	34.245	447.4452	2.6209	194161.5413
ISI_08	2008-08-12	89.24	81.5	13.046	35.37	461.437	2.7112	224921.5078
ISI_08	2008-08-13	90.32	81.5	13.026	35.91	467.7637	2.7568	257136.9259
ISI_08	2008-08-14	86.72	82.22	13.006	34.47	448.3168	2.6503	128597.4932
ISI_08	2008-08-15	89.6	82.94	12.986	36.27	471.0022	2.793	193782.6185
ISI_08	2008-08-16	90.5	83.12	12.966	36.81	477.2785	2.839	215411.1346
ISI_08	2008-08-17	89.42	81.86	12.945	35.64	461.3598	2.7532	216986.4224
ISI_08	2008-08-18	90.14	82.31	12.924	36.225	468.1719	2.8029	225537.5505
ISI_08	2008-08-19	92.48	82.76	12.904	37.62	485.4485	2.9154	283627.4224
ISI_08	2008-08-20	91.04	83.3	12.883	37.17	478.8611	2.8852	223960.803
ISI_08	2008-08-21	89.78	83.12	12.861	36.45	468.7835	2.8341	190466.5428
ISI_08	2008-08-22	89.6	83.12	12.84	36.36	466.8624	2.8318	184521.8001
ISI_08	2008-08-23	89.96	82.94	12.819	36.45	467.2526	2.8434	199452.9208
ISI_08	2008-08-24	89.24	82.67	12.797	35.955	460.1161	2.8096	184962.1435
ISI_08	2008-08-25	89.24	82.4	12.776	35.82	457.6363	2.8037	191630.4034
ISI_08	2008-08-26	89.42	81.59	12.754	35.505	452.8308	2.7838	217809.137
ISI_08	2008-08-27	89.6	81.59	12.732	35.595	453.1955	2.7957	222281.9346
ISI_08	2008-08-28	90.86	80.78	12.71	35.82	455.2722	2.8183	279492.4876
ISI_08	2008-08-29	89.96	80.24	12.688	35.1	445.3488	2.7664	266325.1379
ISI_08	2008-08-30	89.06	79.7	12.666	34.38	435.4571	2.7144	253410.3407
ISI_08	2008-08-31	92.12	82.4	12.643	37.26	471.0782	2.9471	271151.3338
ISI_08	2008-09-01	87.98	81.41	12.621	34.695	437.8856	2.749	177272.2149
ISI_08	2008-09-02	86.9	80.42	12.598	33.66	424.0487	2.6719	172078.2853
ISI_08	2008-09-03	85.82	79.16	12.576	32.49	408.5942	2.5835	173776.3159
ISI_08	2008-09-04	88.52	79.16	12.553	33.84	424.7935	2.6958	247315.976
ISI_08	2008-09-05	88.52	77.9	12.531	33.21	416.1545	2.6502	277524.6058
ISI_08	2008-09-06	90.14	79.16	12.508	34.65	433.4022	2.7702	290827.2143
ISI_08	2008-09-07	89.06	79.34	12.485	34.2	426.987	2.7393	255144.0503
ISI_08	2008-09-08	90.86	79.34	12.462	35.1	437.4162	2.8166	304500.1625
ISI_08	2008-09-09	89.78	79.34	12.439	34.56	429.8918	2.7784	273191.0103
ISI_08	2008-09-10	88.88	79.52	12.416	34.2	424.6272	2.7545	242986.0514
ISI_08	2008-09-11	83.3	79.52	12.393	31.41	389.2641	2.5345	94526.2545
ISI_08	2008-09-12	80.96	79.52	12.37	30.24	374.0688	2.4446	35360.859
TH_08	2008-06-30	96.62	78.8	13.416	37.71	505.9174	2.8108	562642.9812
TH_08	2008-07-01	95.9	78.8	13.412	37.35	500.9382	2.7848	537373.3256
TH_08	2008-07-02	96.44	78.8	13.407	37.62	504.3713	2.806	555641.9721
TH_08	2008-07-03	95.36	80.06	13.402	37.71	505.3894	2.8138	482069.6217
TH_08	2008-07-04	94.28	78.44	13.397	36.36	487.1149	2.714	491035.5342
TH_08	2008-07-05	91.94	78.44	13.391	35.19	471.2293	2.6279	412456.7378
TH_08	2008-07-06	86	78.44	13.385	32.22	431.2647	2.4072	222723.4856
TH_08	2008-07-07	91.58	76.82	13.378	34.2	457.5276	2.5564	444847.1657
TH_08	2008-07-08	86.54	76.64	13.371	31.59	422.3899	2.3626	288821.7539
TH_08	2008-07-09	92.12	78.44	13.364	35.28	471.4819	2.6399	416712.2031
TH_08	2008-07-10	93.92	78.44	13.356	36.18	483.2201	2.7089	475948.8289
TH_08	2008-07-11	96.26	78.44	13.348	37.35	498.5478	2.7982	554667.8588
TH_08	2008-07-12	94.19	78.44	13.339	36.315	484.4058	2.7225	483774.9467
TH_08	2008-07-13	92.12	79.88	13.33	36	479.88	2.7007	374084.8874
TH_08	2008-07-14	95.9	77.54	13.321	36.72	489.1471	2.7565	565061.3443
TH_08	2008-07-15	95.36	77.54	13.311	36.45	485.186	2.7383	545913.7837
TH_08	2008-07-16	86.18	75.2	13.301	30.69	408.2077	2.3073	313487.7957
TH_08	2008-07-17	86.9	75.47	13.291	31.185	414.4798	2.3463	327844.0734
TH_08	2008-07-18	91.76	75.74	13.28	33.75	448.2	2.5414	473231.3126
TH_08	2008-07-19	98.06	77.9	13.269	37.98	503.9566	2.8623	624569.6395
TH_08	2008-07-20	93.56	80.06	13.258	36.81	488.027	2.7764	411992.7273
TH_08	2008-07-21	98.78	78.98	13.246	38.88	515.0045	2.9352	617545.1756
TH_08	2008-07-22	99.32	78.98	13.234	39.15	518.1111	2.9583	635162.0656
TH_08	2008-07-23	92.12	78.98	13.222	35.55	470.0421	2.6887	393042.651
TH_08	2008-07-24	92.48	78.98	13.209	35.73	471.9576	2.705	403865.233
TH_08	2008-07-25	84.74	78.98	13.197	31.86	420.4564	2.4142	164238.3801
TH_08	2008-07-26	92.3	77.9	13.183	35.1	462.7233	2.6625	425942.0846
TH_08	2008-07-27	94.82	80.15	13.17	37.485	493.6774	2.8462	445210.3537
TH_08	2008-07-28	95.99	80.15	13.156	38.07	500.8489	2.8937	482904.1069
TH_08	2008-07-29	95.99	80.15	13.142	38.07	500.3159	2.8968	481876.8858
TH_08	2008-07-30	97.16	82.4	13.128	39.78	522.2318	3.0302	456765.286
TH_08	2008-07-31	90.86	79.25	13.113	35.055	459.6762	2.6733	339598.8311
TH_08	2008-08-01	84.56	79.25	13.099	31.905	417.9236	2.4357	149248.9264
TH_08	2008-08-02	89.6	79.25	13.084	34.425	450.4167	2.6311	299173.0615
TH_08	2008-08-03	92.12	79.25	13.068	35.685	466.3316	2.7307	376644.4699
TH_08	2008-08-04	93.56	79.25	13.053	36.405	475.1945	2.789	421336.5938
TH_08	2008-08-05	93.56	79.25	13.037	36.405	474.612	2.7924	420304.3018
TH_08	2008-08-06	95	79.25	13.021	37.125	483.4046	2.8512	465309.6107
TH_08	2008-08-07	86.36	79.25	13.005	32.805	426.629	2.5225	199148.4227
TH_08	2008-08-08	87.26	76.1	12.989	31.68	411.4915	2.439	307582.3091
TH_08	2008-08-09	85.01	77.18	12.972	31.095	403.3643	2.3971	213697.635
TH_08	2008-08-10	82.76	77.18	12.956	29.97	388.2913	2.3132	149807.3664
TH_08	2008-08-11	84.65	78.26	12.939	31.455	406.9962	2.431	174280.9937
TH_08	2008-08-12	86.54	78.98	12.922	32.76	423.3247	2.5352	208944.8862
TH_08	2008-08-13	93.38	79.7	12.905	36.54	471.5487	2.8315	394320.1784
TH_08	2008-08-14	93.38	80.96	12.887	37.17	479.0098	2.8843	359602.1623
TH_08	2008-08-15	97.16	82.22	12.87	39.69	510.8103	3.0839	443896.49
TH_08	2008-08-16	98.78	80.24	12.852	39.51	507.7825	3.0742	548217.2747
TH_08	2008-08-17	95	80.24	12.834	37.62	482.8151	2.9313	426033.4234
TH_08	2008-08-18	94.82	80.24	12.816	37.53	480.9845	2.9284	419227.1934
TH_08	2008-08-19	94.82	78.26	12.798	36.54	467.6389	2.8551	469452.2562
TH_08	2008-08-20	94.82	79.43	12.78	37.125	474.4575	2.9049	437998.9952
TH_08	2008-08-21	94.64	80.6	12.762	37.62	480.1064	2.9478	400717.0605
TH_08	2008-08-22	97.34	82.4	12.743	39.87	508.0634	3.1288	436052.42
TH_08	2008-08-23	92.3	79.7	12.725	36	458.1	2.8291	350925.2145
TH_08	2008-08-24	83.66	77	12.706	30.33	385.373	2.3871	172742.6962
TH_08	2008-08-25	89.96	77.81	12.687	33.885	429.899	2.6708	328101.6861
TH_08	2008-08-26	90.14	77.81	12.668	33.975	430.3953	2.682	332322.0775
TH_08	2008-08-27	92.12	77.81	12.649	34.965	442.2723	2.7643	389064.9217
TH_08	2008-08-28	93.92	77.81	12.63	35.865	452.975	2.8397	441314.7179
TH_08	2008-08-29	93.65	77.81	12.611	35.73	450.591	2.8332	431933.6587
TH_08	2008-08-30	93.38	77.81	12.592	35.595	448.2122	2.8268	422626.2172
TH_08	2008-08-31	84.56	77.81	12.572	31.185	392.0578	2.4805	173228.0865
TH_08	2008-09-01	89.6	78.62	12.553	34.11	428.1828	2.7173	291054.9745
TH_08	2008-09-02	93.38	76.91	12.533	35.145	440.4723	2.8042	440547.5841
TH_08	2008-09-03	93.74	76.91	12.514	35.325	442.0571	2.8228	449761.9486
TH_08	2008-09-04	82.4	75.2	12.494	28.8	359.8272	2.3051	177129.8328
TH_08	2008-09-05	81.59	77	12.474	29.295	365.4258	2.3485	113266.1044
TH_08	2008-09-06	80.78	76.55	12.454	28.665	356.9939	2.3017	103221.3733
TH_08	2008-09-07	88.52	76.55	12.435	32.535	404.5727	2.6164	305530.0147
TH_08	2008-09-08	89.87	76.55	12.415	33.21	412.3021	2.675	341667.1227
TH_08	2008-09-09	89.87	76.1	12.395	32.985	408.8491	2.6612	351120.8316
TH_08	2008-09-10	89.87	76.1	12.375	32.985	408.1894	2.6655	349988.641
TH_08	2008-09-11	91.22	76.1	12.355	33.66	415.8693	2.7244	386175.8815
TH_08	2008-09-12	90.5	76.1	12.335	33.3	410.7555	2.6996	365019.2739
TH_08	2008-09-13	92.03	76.1	12.315	34.065	419.5105	2.7661	406190.5554
TH_08	2008-09-14	92.03	76.1	12.295	34.065	418.8292	2.7706	404872.2908
TH_08	2008-09-15	93.56	76.1	12.274	34.83	427.5034	2.8377	446268.1987
TH_08	2008-09-16	93.56	76.1	12.254	34.83	426.8068	2.8423	444815.0307
TH_08	2008-09-17	93.56	76.1	12.234	34.83	426.1102	2.847	443364.2325
HA_08	2008-06-16	86.36	76.28	13.405	31.32	419.8446	2.3364	294592.3972
HA_08	2008-06-17	87.62	76.28	13.407	31.95	428.3537	2.3831	334083.6539
HA_08	2008-06-18	88.88	76.28	13.408	32.58	436.8326	2.4299	374113.536
HA_08	2008-06-19	91.67	77	13.41	34.335	460.4324	2.5604	444964.6545
HA_08	2008-06-20	94.46	77	13.41	35.73	479.1393	2.6644	538349.8724
HA_08	2008-06-21	96.98	77	13.41	36.99	496.0359	2.7584	625104.1269
HA_08	2008-06-22	96.98	77.45	13.41	37.215	499.0532	2.7752	612605.6244
HA_08	2008-06-23	99.5	77.45	13.41	38.475	515.9497	2.8691	701643.8396
HA_08	2008-06-24	93.2	77.9	13.408	35.55	476.6544	2.6514	470618.9851
HA_08	2008-06-25	96.08	76.91	13.407	36.495	489.2885	2.7221	596082.443
HA_08	2008-06-26	93.29	76.91	13.405	35.1	470.5155	2.6184	500964.6596
HA_08	2008-06-27	90.5	76.91	13.403	33.705	451.7481	2.5147	408700.2358
HA_08	2008-06-28	82.94	76.91	13.4	29.925	400.995	2.2332	173077.076
HA_08	2008-06-29	93.92	75.92	13.397	34.92	467.8232	2.6066	548690.7023
HA_08	2008-06-30	96.62	77.36	13.393	36.99	495.4071	2.7619	601051.0317
HA_08	2008-07-01	95.9	77.36	13.389	36.63	490.4391	2.7358	575843.3064
HA_08	2008-07-02	96.44	78.8	13.384	37.62	503.5061	2.8108	553737.1756
HA_08	2008-07-03	95.36	80.06	13.38	37.71	504.5598	2.8184	480488.2418
HA_08	2008-07-04	94.28	78.44	13.374	36.36	486.2786	2.7187	489350.9596
HA_08	2008-07-05	91.94	78.44	13.369	35.19	470.4551	2.6322	411102.6052
HA_08	2008-07-06	86	78.44	13.362	32.22	430.5236	2.4113	221958.7133
HA_08	2008-07-07	91.58	76.82	13.356	34.2	456.7752	2.5606	443385.2745
HA_08	2008-07-08	86.54	76.64	13.349	31.59	421.6949	2.3665	287872.109
HA_08	2008-07-09	92.12	78.44	13.342	35.28	470.7058	2.6443	415341.3377
HA_08	2008-07-10	93.92	78.44	13.334	36.18	482.4241	2.7134	474382.1547
HA_08	2008-07-11	96.26	78.44	13.326	37.35	497.7261	2.8028	552840.9729
HA_08	2008-07-12	94.19	78.44	13.318	36.315	483.6432	2.7268	482252.902
HA_08	2008-07-13	92.12	79.88	13.309	36	479.124	2.7049	372907.1538
HA_08	2008-07-14	95.9	77.54	13.3	36.72	488.376	2.7609	563281.1574
HA_08	2008-07-15	95.36	77.54	13.29	36.45	484.4205	2.7427	544192.6288
HA_08	2008-07-16	86.18	75.2	13.28	30.69	407.5632	2.311	312498.6901
HA_08	2008-07-17	86.9	75.47	13.27	31.185	413.8249	2.35	326808.8937
HA_08	2008-07-18	91.76	75.74	13.26	33.75	447.525	2.5452	471806.9905
HA_08	2008-07-19	98.06	77.9	13.249	37.98	503.197	2.8666	622688.2651
HA_08	2008-07-20	93.56	80.06	13.238	36.81	487.2908	2.7806	410750.6637
HA_08	2008-07-21	98.78	78.98	13.226	38.88	514.2269	2.9397	615681.7332
HA_08	2008-07-22	99.32	78.98	13.215	39.15	517.3673	2.9625	633339.5756
HA_08	2008-07-23	92.12	78.98	13.202	35.55	469.3311	2.6928	391854.4938
HA_08	2008-07-24	92.48	78.98	13.19	35.73	471.2787	2.7089	402704.2184
HA_08	2008-07-25	84.74	78.98	13.177	31.86	419.8192	2.4178	163740.9521
HA_08	2008-07-26	92.3	77.9	13.164	35.1	462.0564	2.6664	424715.1912
HA_08	2008-07-27	94.82	80.15	13.151	37.485	492.9652	2.8504	443926.6946
HA_08	2008-07-28	95.99	80.15	13.138	38.07	500.1637	2.8977	481583.5949
HA_08	2008-07-29	95.99	80.15	13.124	38.07	499.6307	2.9008	480557.78
HA_08	2008-07-30	97.16	82.4	13.11	39.78	521.5158	3.0343	455513.5891
HA_08	2008-07-31	90.86	79.25	13.096	35.055	459.0803	2.6768	338718.8741
HA_08	2008-08-01	84.56	79.25	13.081	31.905	417.3493	2.439	148839.0272
HA_08	2008-08-02	89.6	79.25	13.066	34.425	449.7971	2.6347	298350.4673
HA_08	2008-08-03	92.12	79.25	13.052	35.685	465.7606	2.7341	375722.734
HA_08	2008-08-04	93.56	79.25	13.036	36.405	474.5756	2.7927	420239.8256
HA_08	2008-08-05	93.56	79.25	13.021	36.405	474.0295	2.7959	419273.2759
HA_08	2008-08-06	95	79.25	13.005	37.125	482.8106	2.8547	464166.783
HA_08	2008-08-07	86.36	79.25	12.99	32.805	426.137	2.5254	198689.291
HA_08	2008-08-08	87.26	76.1	12.974	31.68	411.0163	2.4418	306872.3128
HA_08	2008-08-09	85.01	77.18	12.957	31.095	402.8979	2.3999	213203.7079
HA_08	2008-08-10	82.76	77.18	12.941	29.97	387.8418	2.3159	149460.6839
HA_08	2008-08-11	84.65	78.26	12.924	31.455	406.5244	2.4338	173877.145
HA_08	2008-08-12	86.54	78.98	12.908	32.76	422.8661	2.538	208492.3798
HA_08	2008-08-13	93.38	79.7	12.891	36.54	471.0371	2.8345	393465.0854
HA_08	2008-08-14	93.38	80.96	12.874	37.17	478.5266	2.8872	358877.0176
HA_08	2008-08-15	97.16	82.22	12.856	39.69	510.2546	3.0873	442931.2731
HA_08	2008-08-16	98.78	80.24	12.839	39.51	507.2689	3.0773	547108.7749
HA_08	2008-08-17	95	80.24	12.822	37.62	482.3636	2.934	425237.0994
HA_08	2008-08-18	94.82	80.24	12.804	37.53	480.5341	2.9311	418442.4912
HA_08	2008-08-19	94.82	78.26	12.786	36.54	467.2004	2.8578	468572.3084
HA_08	2008-08-20	94.82	79.43	12.768	37.125	474.012	2.9077	437176.8481
HA_08	2008-08-21	94.64	80.6	12.75	37.62	479.655	2.9506	399963.8331
HA_08	2008-08-22	97.34	82.4	12.732	39.87	507.6248	3.1315	435299.9274
HA_08	2008-08-23	92.3	79.7	12.714	36	457.704	2.8315	350318.7691
HA_08	2008-08-24	83.66	77	12.695	30.33	385.0394	2.3891	172443.7276
HA_08	2008-08-25	89.96	77.81	12.677	33.885	429.5601	2.673	327584.6649
HA_08	2008-08-26	90.14	77.81	12.658	33.975	430.0555	2.6841	331797.6207
HA_08	2008-08-27	92.12	77.81	12.64	34.965	441.9576	2.7662	388511.4647
HA_08	2008-08-28	93.92	77.81	12.621	35.865	452.6522	2.8417	440685.9899
HA_08	2008-08-29	93.65	77.81	12.602	35.73	450.2695	2.8353	431317.3688
HA_08	2008-08-30	93.38	77.81	12.583	35.595	447.8919	2.8288	422022.2977
HA_08	2008-08-31	84.56	77.81	12.564	31.185	391.8083	2.4821	173007.6946
HA_08	2008-09-01	89.6	78.62	12.545	34.11	427.9099	2.719	290684.1153
HA_08	2008-09-02	93.38	78.62	12.526	36	450.936	2.874	398326.8842
HA_08	2008-09-03	93.74	78.62	12.506	36.18	452.4671	2.893	407591.5063
